# energy_au reference prediction
# {"density_npz": "/home/ubuntu/datasets/new_mol_all/3935/density_M3935.npz", "density_preprocessing": "maximum absolute amplitude; integer centre-of-mass alignment", "energy_max_au": 0.4495, "energy_min_au": 0.0, "input_shape": [1, 155, 147, 143], "model": "/home/ubuntu/projects/densitySpec/density_spec_npz_runs_900/exp_003/cnn_model_torchscript.pt", "model_output_bins": 900, "normalization": "unit sum within selected leading bins", "reference": "/home/ubuntu/datasets/new_mol_all/3935/tddft_spectrum_gamma_150meV_M3935.dat", "reference_column": 1, "reference_sigma_bins": 10.0, "selected_bins": 900}
0.000000000000e+00 1.899867226134e-05 2.031340342575e-05
5.000000000000e-04 1.900202551723e-05 2.033075658409e-05
1.000000000000e-03 1.900870034071e-05 2.036405500302e-05
1.500000000000e-03 1.901863429643e-05 2.032315866560e-05
2.000000000000e-03 1.903173604046e-05 2.040025834793e-05
2.500000000000e-03 1.904788796224e-05 2.037181663055e-05
3.000000000000e-03 1.906694950812e-05 2.044165126944e-05
3.500000000000e-03 1.908876102556e-05 2.040202822456e-05
4.000000000000e-03 1.911314795913e-05 2.048721331452e-05
4.500000000000e-03 1.913992521303e-05 2.051276647682e-05
5.000000000000e-03 1.916890150336e-05 2.054691982074e-05
5.500000000000e-03 1.919988353564e-05 2.063662691821e-05
6.000000000000e-03 1.923267986286e-05 2.055632035767e-05
6.500000000000e-03 1.926710430998e-05 2.063998295355e-05
7.000000000000e-03 1.930297888073e-05 2.065714329902e-05
7.500000000000e-03 1.934013609643e-05 2.067154969462e-05
8.000000000000e-03 1.937842074917e-05 2.070517916961e-05
8.500000000000e-03 1.941769107859e-05 2.077484100451e-05
9.000000000000e-03 1.945781941260e-05 2.082008290747e-05
9.500000000000e-03 1.949869232315e-05 2.087315555955e-05
1.000000000000e-02 1.954021036965e-05 2.096320462702e-05
1.050000000000e-02 1.958228750557e-05 2.096620414044e-05
1.100000000000e-02 1.962485022807e-05 2.105309180443e-05
1.150000000000e-02 1.966783654702e-05 2.108785450978e-05
1.200000000000e-02 1.971119484468e-05 2.113774938748e-05
1.250000000000e-02 1.975488268845e-05 2.118775158555e-05
1.300000000000e-02 1.979886564706e-05 2.124451678600e-05
1.350000000000e-02 1.984311615229e-05 2.123814486633e-05
1.400000000000e-02 1.988761243569e-05 2.130312644165e-05
1.450000000000e-02 1.993233756041e-05 2.133780547349e-05
1.500000000000e-02 1.997727855907e-05 2.144918401000e-05
1.550000000000e-02 2.002242568254e-05 2.146691551812e-05
1.600000000000e-02 2.006777175597e-05 2.147852612710e-05
1.650000000000e-02 2.011331163896e-05 2.149126814745e-05
1.700000000000e-02 2.015904177852e-05 2.162677012064e-05
1.750000000000e-02 2.020495984523e-05 2.162617167315e-05
1.800000000000e-02 2.025106444241e-05 2.169908040403e-05
1.850000000000e-02 2.029735487655e-05 2.176136441815e-05
1.900000000000e-02 2.034383097826e-05 2.181146847962e-05
1.950000000000e-02 2.039049296540e-05 2.181991404714e-05
2.000000000000e-02 2.043734133929e-05 2.192435677729e-05
2.050000000000e-02 2.048437644836e-05 2.197116664906e-05
2.100000000000e-02 2.053159891196e-05 2.196534588316e-05
2.150000000000e-02 2.057900989800e-05 2.203388722062e-05
2.200000000000e-02 2.062661058482e-05 2.210515340412e-05
2.250000000000e-02 2.067440216149e-05 2.218193476331e-05
2.300000000000e-02 2.072238582822e-05 2.228278498950e-05
2.350000000000e-02 2.077056279591e-05 2.224102645114e-05
2.400000000000e-02 2.081893428701e-05 2.233134109105e-05
2.450000000000e-02 2.086750153525e-05 2.233232334529e-05
2.500000000000e-02 2.091626578632e-05 2.243906527796e-05
2.550000000000e-02 2.096522829724e-05 2.244748719863e-05
2.600000000000e-02 2.101439033735e-05 2.252292614368e-05
2.650000000000e-02 2.106375318800e-05 2.255683574303e-05
2.700000000000e-02 2.111331814292e-05 2.261846673997e-05
2.750000000000e-02 2.116308650804e-05 2.270381917695e-05
2.800000000000e-02 2.121305960221e-05 2.274354408523e-05
2.850000000000e-02 2.126323875650e-05 2.280599908435e-05
2.900000000000e-02 2.131362531540e-05 2.288537977931e-05
2.950000000000e-02 2.136422063602e-05 2.291952948525e-05
3.000000000000e-02 2.141502608861e-05 2.298782525916e-05
3.050000000000e-02 2.146604305678e-05 2.301432429592e-05
3.100000000000e-02 2.151727293756e-05 2.307309766060e-05
3.150000000000e-02 2.156871714154e-05 2.322191827377e-05
3.200000000000e-02 2.162037709318e-05 2.319538103823e-05
3.250000000000e-02 2.167225423092e-05 2.322047945320e-05
3.300000000000e-02 2.172435000698e-05 2.332022373386e-05
3.350000000000e-02 2.177666588839e-05 2.335764943961e-05
3.400000000000e-02 2.182920335664e-05 2.344270720032e-05
3.450000000000e-02 2.188196390786e-05 2.352323022059e-05
3.500000000000e-02 2.193494905318e-05 2.358090855369e-05
3.550000000000e-02 2.198816031920e-05 2.363471971545e-05
3.600000000000e-02 2.204159924780e-05 2.360759676534e-05
3.650000000000e-02 2.209526739635e-05 2.372537632535e-05
3.700000000000e-02 2.214916633842e-05 2.379954743484e-05
3.750000000000e-02 2.220329766344e-05 2.385165056560e-05
3.800000000000e-02 2.225766297696e-05 2.389908798870e-05
3.850000000000e-02 2.231226390150e-05 2.394378055687e-05
3.900000000000e-02 2.236710207564e-05 2.395652621520e-05
3.950000000000e-02 2.242217915544e-05 2.411985144939e-05
4.000000000000e-02 2.247749681370e-05 2.418658289246e-05
4.050000000000e-02 2.253305674085e-05 2.423121179601e-05
4.100000000000e-02 2.258886064476e-05 2.425665399996e-05
4.150000000000e-02 2.264491025103e-05 2.425783270506e-05
4.200000000000e-02 2.270120730373e-05 2.442776814652e-05
4.250000000000e-02 2.275775356505e-05 2.448428960240e-05
4.300000000000e-02 2.281455081610e-05 2.459273592809e-05
4.350000000000e-02 2.287160085659e-05 2.461946415751e-05
4.400000000000e-02 2.292890550602e-05 2.465815224186e-05
4.450000000000e-02 2.298646660313e-05 2.472134756964e-05
4.500000000000e-02 2.304428600688e-05 2.474274252230e-05
4.550000000000e-02 2.310236559636e-05 2.487812989916e-05
4.600000000000e-02 2.316070727127e-05 2.485488867232e-05
4.650000000000e-02 2.321931295254e-05 2.499234787804e-05
4.700000000000e-02 2.327818458228e-05 2.497416526056e-05
4.750000000000e-02 2.333732412431e-05 2.500424224936e-05
4.800000000000e-02 2.339673356454e-05 2.515976947623e-05
4.850000000000e-02 2.345641491107e-05 2.517663150745e-05
4.900000000000e-02 2.351637019509e-05 2.528151079503e-05
4.950000000000e-02 2.357660147045e-05 2.539153236549e-05
5.000000000000e-02 2.363711081497e-05 2.539875193420e-05
5.050000000000e-02 2.369790032987e-05 2.547566426062e-05
5.100000000000e-02 2.375897214073e-05 2.560625860056e-05
5.150000000000e-02 2.382032839754e-05 2.559014781194e-05
5.200000000000e-02 2.388197127515e-05 2.566232712809e-05
5.250000000000e-02 2.394390297385e-05 2.579208291394e-05
5.300000000000e-02 2.400612571955e-05 2.584736200010e-05
5.350000000000e-02 2.406864176376e-05 2.587852492554e-05
5.400000000000e-02 2.413145338490e-05 2.592507468183e-05
5.450000000000e-02 2.419456288788e-05 2.601686634109e-05
5.500000000000e-02 2.425797260494e-05 2.610837060003e-05
5.550000000000e-02 2.432168489608e-05 2.617149134925e-05
5.600000000000e-02 2.438570214910e-05 2.620999389669e-05
5.650000000000e-02 2.445002678059e-05 2.636053891175e-05
5.700000000000e-02 2.451466123620e-05 2.637728452765e-05
5.750000000000e-02 2.457960799067e-05 2.643697102499e-05
5.800000000000e-02 2.464486954905e-05 2.652867355376e-05
5.850000000000e-02 2.471044844664e-05 2.658786528600e-05
5.900000000000e-02 2.477634724995e-05 2.657164172004e-05
5.950000000000e-02 2.484256855669e-05 2.668144137380e-05
6.000000000000e-02 2.490911499669e-05 2.681474055089e-05
6.050000000000e-02 2.497598923248e-05 2.693640729113e-05
6.100000000000e-02 2.504319395959e-05 2.694312481878e-05
6.150000000000e-02 2.511073190742e-05 2.701820724192e-05
6.200000000000e-02 2.517860583970e-05 2.701968789925e-05
6.250000000000e-02 2.524681855517e-05 2.722315459028e-05
6.300000000000e-02 2.531537288840e-05 2.730167308429e-05
6.350000000000e-02 2.538427171013e-05 2.733930979280e-05
6.400000000000e-02 2.545351792817e-05 2.728661549050e-05
6.450000000000e-02 2.552311448823e-05 2.744028189128e-05
6.500000000000e-02 2.559306437464e-05 2.749161013258e-05
6.550000000000e-02 2.566337061074e-05 2.756792764949e-05
6.600000000000e-02 2.573403626003e-05 2.760070583747e-05
6.650000000000e-02 2.580506442707e-05 2.770110859227e-05
6.700000000000e-02 2.587645825780e-05 2.776448036202e-05
6.750000000000e-02 2.594822094072e-05 2.777202734881e-05
6.800000000000e-02 2.602035570781e-05 2.793564180231e-05
6.850000000000e-02 2.609286583488e-05 2.802540892642e-05
6.900000000000e-02 2.616575464291e-05 2.806306928180e-05
6.950000000000e-02 2.623902549859e-05 2.815201967970e-05
7.000000000000e-02 2.631268181512e-05 2.824083729138e-05
7.050000000000e-02 2.638672705355e-05 2.840140857570e-05
7.100000000000e-02 2.646116472295e-05 2.838137058909e-05
7.150000000000e-02 2.653599838172e-05 2.842082082998e-05
7.200000000000e-02 2.661123163860e-05 2.847710399825e-05
7.250000000000e-02 2.668686815297e-05 2.870071235828e-05
7.300000000000e-02 2.676291163653e-05 2.868314819718e-05
7.350000000000e-02 2.683936585404e-05 2.883834800597e-05
7.400000000000e-02 2.691623462388e-05 2.893303003929e-05
7.450000000000e-02 2.699352181963e-05 2.894257791436e-05
7.500000000000e-02 2.707123137094e-05 2.904604930419e-05
7.550000000000e-02 2.714936726466e-05 2.912447866773e-05
7.600000000000e-02 2.722793354587e-05 2.923035476147e-05
7.650000000000e-02 2.730693431956e-05 2.934534762981e-05
7.700000000000e-02 2.738637375124e-05 2.934723755974e-05
7.750000000000e-02 2.746625606879e-05 2.944803685422e-05
7.800000000000e-02 2.754658556349e-05 2.963211129986e-05
7.850000000000e-02 2.762736659189e-05 2.967705125059e-05
7.900000000000e-02 2.770860357648e-05 2.978889544837e-05
7.950000000000e-02 2.779030100811e-05 2.993961690540e-05
8.000000000000e-02 2.787246344687e-05 2.994547041310e-05
8.050000000000e-02 2.795509552387e-05 3.001095402948e-05
8.100000000000e-02 2.803820194303e-05 3.018053658701e-05
8.150000000000e-02 2.812178748241e-05 3.032875693369e-05
8.200000000000e-02 2.820585699616e-05 3.043152073667e-05
8.250000000000e-02 2.829041541609e-05 3.047645341144e-05
8.300000000000e-02 2.837546775339e-05 3.054063826942e-05
8.350000000000e-02 2.846101910047e-05 3.073951201236e-05
8.400000000000e-02 2.854707463301e-05 3.088337587956e-05
8.450000000000e-02 2.863363961153e-05 3.096151238581e-05
8.500000000000e-02 2.872071938322e-05 3.101359732668e-05
8.550000000000e-02 2.880831938422e-05 3.122374880355e-05
8.600000000000e-02 2.889644514165e-05 3.127178831212e-05
8.650000000000e-02 2.898510227547e-05 3.135603662257e-05
8.700000000000e-02 2.907429650052e-05 3.132639801020e-05
8.750000000000e-02 2.916403362908e-05 3.157241268097e-05
8.800000000000e-02 2.925431957316e-05 3.160487072682e-05
8.850000000000e-02 2.934516034648e-05 3.181425822816e-05
8.900000000000e-02 2.943656206717e-05 3.186210856184e-05
8.950000000000e-02 2.952853096053e-05 3.191557229663e-05
9.000000000000e-02 2.962107336113e-05 3.214701322478e-05
9.050000000000e-02 2.971419571567e-05 3.224502400860e-05
9.100000000000e-02 2.980790458621e-05 3.238682150391e-05
9.150000000000e-02 2.990220665231e-05 3.255971644104e-05
9.200000000000e-02 2.999710871453e-05 3.261012063575e-05
9.250000000000e-02 3.009261769759e-05 3.268417896790e-05
9.300000000000e-02 3.018874065297e-05 3.284000450902e-05
9.350000000000e-02 3.028548476263e-05 3.293953232996e-05
9.400000000000e-02 3.038285734260e-05 3.315981557747e-05
9.450000000000e-02 3.048086584582e-05 3.331807492634e-05
9.500000000000e-02 3.057951786657e-05 3.335565160820e-05
9.550000000000e-02 3.067882114369e-05 3.352446473324e-05
9.600000000000e-02 3.077878356475e-05 3.369649746942e-05
9.650000000000e-02 3.087941317011e-05 3.369969161471e-05
9.700000000000e-02 3.098071815700e-05 3.385941343101e-05
9.750000000000e-02 3.108270688397e-05 3.410724709112e-05
9.800000000000e-02 3.118538787541e-05 3.421279576678e-05
9.850000000000e-02 3.128876982612e-05 3.432534755142e-05
9.900000000000e-02 3.139286160643e-05 3.452963460664e-05
9.950000000000e-02 3.149767226655e-05 3.458935566478e-05
1.000000000000e-01 3.160321104277e-05 3.480159897939e-05
1.005000000000e-01 3.170948736194e-05 3.488926335182e-05
1.010000000000e-01 3.181651084737e-05 3.508353505172e-05
1.015000000000e-01 3.192429132474e-05 3.517093748969e-05
1.020000000000e-01 3.203283882760e-05 3.550341963791e-05
1.025000000000e-01 3.214216360396e-05 3.562766024806e-05
1.030000000000e-01 3.225227612246e-05 3.553780217448e-05
1.035000000000e-01 3.236318707895e-05 3.583094685915e-05
1.040000000000e-01 3.247490740371e-05 3.596861161067e-05
1.045000000000e-01 3.258744826817e-05 3.620708111364e-05
1.050000000000e-01 3.270082109249e-05 3.628298753895e-05
1.055000000000e-01 3.281503755327e-05 3.668100423525e-05
1.060000000000e-01 3.293010959172e-05 3.678172895117e-05
1.065000000000e-01 3.304604942212e-05 3.689763495216e-05
1.070000000000e-01 3.316286953998e-05 3.721934868346e-05
1.075000000000e-01 3.328058273212e-05 3.746096140002e-05
1.080000000000e-01 3.339920208514e-05 3.762794098380e-05
1.085000000000e-01 3.351874099613e-05 3.788102060918e-05
1.090000000000e-01 3.363921318257e-05 3.798189448223e-05
1.095000000000e-01 3.376063269350e-05 3.836258348603e-05
1.100000000000e-01 3.388301392015e-05 3.852966857120e-05
1.105000000000e-01 3.400637160840e-05 3.888268347112e-05
1.110000000000e-01 3.413072087051e-05 3.904983403990e-05
1.115000000000e-01 3.425607719826e-05 3.932303532541e-05
1.120000000000e-01 3.438245647601e-05 3.958137910595e-05
1.125000000000e-01 3.450987499478e-05 3.994704325777e-05
1.130000000000e-01 3.463834946691e-05 3.989229895448e-05
1.135000000000e-01 3.476789704078e-05 4.023937303521e-05
1.140000000000e-01 3.489853531730e-05 4.053645401282e-05
1.145000000000e-01 3.503028236648e-05 4.078091162871e-05
1.150000000000e-01 3.516315674429e-05 4.118482185048e-05
1.155000000000e-01 3.529717751172e-05 4.132700133355e-05
1.160000000000e-01 3.543236425319e-05 4.166912412529e-05
1.165000000000e-01 3.556873709707e-05 4.184739599491e-05
1.170000000000e-01 3.570631673637e-05 4.211598796142e-05
1.175000000000e-01 3.584512445157e-05 4.243737427464e-05
1.180000000000e-01 3.598518213261e-05 4.261371073960e-05
1.185000000000e-01 3.612651230459e-05 4.283316089000e-05
1.190000000000e-01 3.626913815258e-05 4.296600531975e-05
1.195000000000e-01 3.641308354912e-05 4.323576871539e-05
1.200000000000e-01 3.655837308211e-05 4.359051893116e-05
1.205000000000e-01 3.670503208515e-05 4.365849820091e-05
1.210000000000e-01 3.685308666894e-05 4.380374086204e-05
1.215000000000e-01 3.700256375416e-05 4.426926752884e-05
1.220000000000e-01 3.715349110701e-05 4.453321743454e-05
1.225000000000e-01 3.730589737568e-05 4.486394607702e-05
1.230000000000e-01 3.745981212938e-05 4.508100607542e-05
1.235000000000e-01 3.761526589980e-05 4.527320776544e-05
1.240000000000e-01 3.777229022405e-05 4.555535120256e-05
1.245000000000e-01 3.793091769098e-05 4.559336080389e-05
1.250000000000e-01 3.809118198957e-05 4.587654106493e-05
1.255000000000e-01 3.825311796095e-05 4.649619797478e-05
1.260000000000e-01 3.841676165209e-05 4.641968036905e-05
1.265000000000e-01 3.858215037426e-05 4.684747028292e-05
1.270000000000e-01 3.874932276404e-05 4.724832096461e-05
1.275000000000e-01 3.891831884859e-05 4.740077773747e-05
1.280000000000e-01 3.908918011468e-05 4.755442412937e-05
1.285000000000e-01 3.926194958234e-05 4.774073229391e-05
1.290000000000e-01 3.943667188313e-05 4.815030684850e-05
1.295000000000e-01 3.961339334319e-05 4.845232092521e-05
1.300000000000e-01 3.979216207211e-05 4.859700333761e-05
1.305000000000e-01 3.997302805792e-05 4.909113543083e-05
1.310000000000e-01 4.015604326762e-05 4.934060254338e-05
1.315000000000e-01 4.034126175517e-05 4.969148194982e-05
1.320000000000e-01 4.052873977713e-05 5.032638199037e-05
1.325000000000e-01 4.071853591573e-05 5.071663887813e-05
1.330000000000e-01 4.091071121100e-05 5.110362158506e-05
1.335000000000e-01 4.110532930252e-05 5.146873640210e-05
1.340000000000e-01 4.130245658154e-05 5.205202080104e-05
1.345000000000e-01 4.150216235334e-05 5.263483953871e-05
1.350000000000e-01 4.170451901357e-05 5.310331296825e-05
1.355000000000e-01 4.190960223597e-05 5.332116968397e-05
1.360000000000e-01 4.211749117590e-05 5.415574018480e-05
1.365000000000e-01 4.232826868912e-05 5.461108778723e-05
1.370000000000e-01 4.254202156836e-05 5.544128179970e-05
1.375000000000e-01 4.275884079830e-05 5.617149324389e-05
1.380000000000e-01 4.297882183185e-05 5.655277523822e-05
1.385000000000e-01 4.320206488904e-05 5.761188542162e-05
1.390000000000e-01 4.342867528101e-05 5.801021862206e-05
1.395000000000e-01 4.365876376185e-05 5.875171143817e-05
1.400000000000e-01 4.389244691107e-05 5.952475280545e-05
1.405000000000e-01 4.412984754916e-05 6.055067370929e-05
1.410000000000e-01 4.437109519105e-05 6.141330757771e-05
1.415000000000e-01 4.461632654048e-05 6.195167021581e-05
1.420000000000e-01 4.486568603016e-05 6.281640319794e-05
1.425000000000e-01 4.511932641258e-05 6.365773670114e-05
1.430000000000e-01 4.537740940741e-05 6.427812120674e-05
1.435000000000e-01 4.564010641167e-05 6.524211279937e-05
1.440000000000e-01 4.590759928023e-05 6.608732438786e-05
1.445000000000e-01 4.618008118451e-05 6.686165359960e-05
1.450000000000e-01 4.645775755945e-05 6.723112671511e-05
1.455000000000e-01 4.674084714777e-05 6.830895793684e-05
1.460000000000e-01 4.702958315635e-05 6.880604406875e-05
1.465000000000e-01 4.732421453517e-05 6.950307350934e-05
1.470000000000e-01 4.762500739740e-05 7.038633107894e-05
1.475000000000e-01 4.793224659726e-05 7.059149852501e-05
1.480000000000e-01 4.824623748514e-05 7.119795684818e-05
1.485000000000e-01 4.856730786662e-05 7.185402264875e-05
1.490000000000e-01 4.889581018743e-05 7.247049996523e-05
1.495000000000e-01 4.923212397903e-05 7.265696092488e-05
1.500000000000e-01 4.957665859645e-05 7.312588182580e-05
1.505000000000e-01 4.992985628957e-05 7.341163049979e-05
1.510000000000e-01 5.029219564998e-05 7.421675883910e-05
1.515000000000e-01 5.066419548455e-05 7.456008216381e-05
1.520000000000e-01 5.104641916939e-05 7.519920953560e-05
1.525000000000e-01 5.143947954449e-05 7.490435136297e-05
1.530000000000e-01 5.184404441195e-05 7.538705292715e-05
1.535000000000e-01 5.226084270602e-05 7.578195551369e-05
1.540000000000e-01 5.269067140040e-05 7.555683739250e-05
1.545000000000e-01 5.313440321592e-05 7.655947887072e-05
1.550000000000e-01 5.359299518524e-05 7.662641767857e-05
1.555000000000e-01 5.406749811624e-05 7.674844275971e-05
1.560000000000e-01 5.455906697997e-05 7.647000642287e-05
1.565000000000e-01 5.506897223150e-05 7.687147192296e-05
1.570000000000e-01 5.559861205348e-05 7.708855011125e-05
1.575000000000e-01 5.614952550912e-05 7.699487943601e-05
1.580000000000e-01 5.672340656713e-05 7.700596071909e-05
1.585000000000e-01 5.732211895973e-05 7.646225025231e-05
1.590000000000e-01 5.794771175632e-05 7.655844568477e-05
1.595000000000e-01 5.860243542454e-05 7.650035444109e-05
1.600000000000e-01 5.928875793410e-05 7.654997647039e-05
1.605000000000e-01 6.000938025172e-05 7.642648164586e-05
1.610000000000e-01 6.076725034112e-05 7.592572843142e-05
1.615000000000e-01 6.156557462447e-05 7.621104782394e-05
1.620000000000e-01 6.240782574818e-05 7.543684957943e-05
1.625000000000e-01 6.329774541574e-05 7.579239651252e-05
1.630000000000e-01 6.423934099499e-05 7.542847495249e-05
1.635000000000e-01 6.523687451659e-05 7.482699338416e-05
1.640000000000e-01 6.629484262487e-05 7.500227847328e-05
1.645000000000e-01 6.741794595542e-05 7.481935362891e-05
1.650000000000e-01 6.861104634006e-05 7.466372090066e-05
1.655000000000e-01 6.987911027427e-05 7.473157647914e-05
1.660000000000e-01 7.122713723055e-05 7.440268137791e-05
1.665000000000e-01 7.266007176928e-05 7.418558136175e-05
1.670000000000e-01 7.418269893293e-05 7.438171206875e-05
1.675000000000e-01 7.579952313252e-05 7.407939603982e-05
1.680000000000e-01 7.751463148883e-05 7.398398641075e-05
1.685000000000e-01 7.933154350413e-05 7.421810489122e-05
1.690000000000e-01 8.125304981801e-05 7.395548648572e-05
1.695000000000e-01 8.328104375910e-05 7.385423426288e-05
1.700000000000e-01 8.541635033651e-05 7.428104919847e-05
1.705000000000e-01 8.765855817827e-05 7.407748973898e-05
1.710000000000e-01 9.000586068066e-05 7.443666737481e-05
1.715000000000e-01 9.245491320062e-05 7.458455120846e-05
1.720000000000e-01 9.500071342144e-05 7.427864813253e-05
1.725000000000e-01 9.763651201774e-05 7.433724869323e-05
1.730000000000e-01 1.003537604072e-04 7.457733345874e-05
1.735000000000e-01 1.031421016074e-04 7.448773004367e-05
1.740000000000e-01 1.059894091752e-04 7.466920697252e-05
1.745000000000e-01 1.088818778246e-04 7.479927926252e-05
1.750000000000e-01 1.118041676333e-04 7.517027305312e-05
1.755000000000e-01 1.147396019394e-04 7.543947620004e-05
1.760000000000e-01 1.176704169724e-04 7.536131786592e-05
1.765000000000e-01 1.205780592253e-04 7.561244753472e-05
1.770000000000e-01 1.234435245123e-04 7.528811445877e-05
1.775000000000e-01 1.262477307289e-04 7.579366252911e-05
1.780000000000e-01 1.289719145878e-04 7.605444011739e-05
1.785000000000e-01 1.315980411684e-04 7.610588113603e-05
1.790000000000e-01 1.341092140270e-04 7.616218977016e-05
1.795000000000e-01 1.364900730398e-04 7.649893562940e-05
1.800000000000e-01 1.387271670538e-04 7.673607363217e-05
1.805000000000e-01 1.408092888760e-04 7.708157246813e-05
1.810000000000e-01 1.427277610514e-04 7.767227834359e-05
1.815000000000e-01 1.444766623298e-04 7.778149773975e-05
1.820000000000e-01 1.460529864942e-04 7.840369395873e-05
1.825000000000e-01 1.474567274797e-04 7.865851981388e-05
1.830000000000e-01 1.486908871690e-04 7.952081535029e-05
1.835000000000e-01 1.497614050212e-04 8.019175320772e-05
1.840000000000e-01 1.506770115141e-04 8.046336469654e-05
1.845000000000e-01 1.514490102871e-04 8.120960871281e-05
1.850000000000e-01 1.520909966101e-04 8.175514544488e-05
1.855000000000e-01 1.526185223666e-04 8.214725406379e-05
1.860000000000e-01 1.530487199291e-04 8.332537708198e-05
1.865000000000e-01 1.533998990241e-04 8.432536283575e-05
1.870000000000e-01 1.536911318826e-04 8.507808245408e-05
1.875000000000e-01 1.539418425026e-04 8.651632822439e-05
1.880000000000e-01 1.541714157488e-04 8.757895269521e-05
1.885000000000e-01 1.543988412425e-04 8.881460670836e-05
1.890000000000e-01 1.546424055712e-04 9.005330934765e-05
1.895000000000e-01 1.549194444026e-04 9.109767116546e-05
1.900000000000e-01 1.552461635992e-04 9.321587698035e-05
1.905000000000e-01 1.556375355395e-04 9.488571647391e-05
1.910000000000e-01 1.561072735766e-04 9.626936346007e-05
1.915000000000e-01 1.566678839518e-04 9.767489652602e-05
1.920000000000e-01 1.573307907994e-04 1.000586529572e-04
1.925000000000e-01 1.581065262698e-04 1.019319354950e-04
1.930000000000e-01 1.590049746612e-04 1.040670942905e-04
1.935000000000e-01 1.600356568782e-04 1.062540360747e-04
1.940000000000e-01 1.612080396809e-04 1.086709781475e-04
1.945000000000e-01 1.625318529203e-04 1.114590449782e-04
1.950000000000e-01 1.640173973508e-04 1.138590340703e-04
1.955000000000e-01 1.656758255533e-04 1.166281106522e-04
1.960000000000e-01 1.675193790346e-04 1.198366477836e-04
1.965000000000e-01 1.695615656696e-04 1.227417483886e-04
1.970000000000e-01 1.718172632606e-04 1.257198413980e-04
1.975000000000e-01 1.743027372316e-04 1.294430943060e-04
1.980000000000e-01 1.770355632566e-04 1.332199419161e-04
1.985000000000e-01 1.800344490350e-04 1.371549688395e-04
1.990000000000e-01 1.833189533511e-04 1.411462680172e-04
1.995000000000e-01 1.869091048719e-04 1.457824498490e-04
2.000000000000e-01 1.908249276667e-04 1.504686320599e-04
2.005000000000e-01 1.950858848906e-04 1.548840031372e-04
2.010000000000e-01 1.997102562531e-04 1.590723643445e-04
2.015000000000e-01 2.047144685449e-04 1.643702071881e-04
2.020000000000e-01 2.101124015023e-04 1.696622001620e-04
2.025000000000e-01 2.159146934737e-04 1.744457928902e-04
2.030000000000e-01 2.221280726571e-04 1.806277518663e-04
2.035000000000e-01 2.287547401618e-04 1.868603515058e-04
2.040000000000e-01 2.357918307588e-04 1.916905831208e-04
2.045000000000e-01 2.432309759233e-04 1.979456218129e-04
2.050000000000e-01 2.510579916079e-04 2.034062423749e-04
2.055000000000e-01 2.592527099989e-04 2.097932960375e-04
2.060000000000e-01 2.677889702669e-04 2.152633171364e-04
2.065000000000e-01 2.766347781792e-04 2.221947579299e-04
2.070000000000e-01 2.857526385544e-04 2.276076045557e-04
2.075000000000e-01 2.951000583705e-04 2.334808883162e-04
2.080000000000e-01 3.046302121639e-04 2.393969256022e-04
2.085000000000e-01 3.142927557523e-04 2.449599479883e-04
2.090000000000e-01 3.240347691806e-04 2.504313806229e-04
2.095000000000e-01 3.338018054924e-04 2.553462607260e-04
2.100000000000e-01 3.435390182511e-04 2.620981454434e-04
2.105000000000e-01 3.531923376524e-04 2.651577728311e-04
2.110000000000e-01 3.627096626227e-04 2.704777200332e-04
2.115000000000e-01 3.720420344518e-04 2.751481279685e-04
2.120000000000e-01 3.811447566899e-04 2.787915490722e-04
2.125000000000e-01 3.899784264413e-04 2.846902841316e-04
2.130000000000e-01 3.985098439631e-04 2.883325119783e-04
2.135000000000e-01 4.067127704522e-04 2.909835507037e-04
2.140000000000e-01 4.145685077979e-04 2.966465447441e-04
2.145000000000e-01 4.220662785801e-04 2.987776144516e-04
2.150000000000e-01 4.292033896213e-04 3.029385889554e-04
2.155000000000e-01 4.359851678203e-04 3.069873973002e-04
2.160000000000e-01 4.424246626772e-04 3.096194603287e-04
2.165000000000e-01 4.485421159355e-04 3.128635477879e-04
2.170000000000e-01 4.543642049582e-04 3.167019354454e-04
2.175000000000e-01 4.599230729925e-04 3.186935687058e-04
2.180000000000e-01 4.652551663065e-04 3.219495596312e-04
2.185000000000e-01 4.703999050422e-04 3.261754938823e-04
2.190000000000e-01 4.753982212334e-04 3.285778694885e-04
2.195000000000e-01 4.802910033607e-04 3.311652872426e-04
2.200000000000e-01 4.851174917669e-04 3.351178492232e-04
2.205000000000e-01 4.899136730302e-04 3.374475234633e-04
2.210000000000e-01 4.947107238756e-04 3.419529417891e-04
2.215000000000e-01 4.995335562214e-04 3.455975270460e-04
2.220000000000e-01 5.043995143546e-04 3.469071993735e-04
2.225000000000e-01 5.093172729604e-04 3.503161309229e-04
2.230000000000e-01 5.142859805316e-04 3.549962886411e-04
2.235000000000e-01 5.192946867929e-04 3.571016887710e-04
2.240000000000e-01 5.243220849434e-04 3.589428843367e-04
2.245000000000e-01 5.293365902281e-04 3.632849137638e-04
2.250000000000e-01 5.342967655777e-04 3.670826142677e-04
2.255000000000e-01 5.391520933767e-04 3.698049282715e-04
2.260000000000e-01 5.438440800815e-04 3.726086747903e-04
2.265000000000e-01 5.483076680618e-04 3.767757610982e-04
2.270000000000e-01 5.524729171180e-04 3.801222358295e-04
2.275000000000e-01 5.562669071572e-04 3.820076401122e-04
2.280000000000e-01 5.596158041256e-04 3.852083337616e-04
2.285000000000e-01 5.624470237883e-04 3.895549615937e-04
2.290000000000e-01 5.646914228738e-04 3.927898522427e-04
2.295000000000e-01 5.662854447245e-04 3.964739313962e-04
2.300000000000e-01 5.671731471552e-04 3.983809598242e-04
2.305000000000e-01 5.673080438645e-04 4.021655053972e-04
2.310000000000e-01 5.666546972243e-04 4.054239992519e-04
2.315000000000e-01 5.651900092819e-04 4.075794579685e-04
2.320000000000e-01 5.629041687807e-04 4.129961462999e-04
2.325000000000e-01 5.598012242743e-04 4.153402560394e-04
2.330000000000e-01 5.558992664161e-04 4.177130330509e-04
2.335000000000e-01 5.512302155226e-04 4.209808401311e-04
2.340000000000e-01 5.458392232504e-04 4.241660505431e-04
2.345000000000e-01 5.397837092388e-04 4.273646778206e-04
2.350000000000e-01 5.331320646681e-04 4.306445920938e-04
2.355000000000e-01 5.259620645348e-04 4.344694755744e-04
2.360000000000e-01 5.183590388365e-04 4.370133539996e-04
2.365000000000e-01 5.104138595978e-04 4.408696696161e-04
2.370000000000e-01 5.022208056511e-04 4.461322240664e-04
2.375000000000e-01 4.938753702395e-04 4.491211873561e-04
2.380000000000e-01 4.854720777398e-04 4.557827628906e-04
2.385000000000e-01 4.771023751497e-04 4.587283905782e-04
2.390000000000e-01 4.688526614398e-04 4.636363148660e-04
2.395000000000e-01 4.608025135136e-04 4.678946707832e-04
2.400000000000e-01 4.530231615190e-04 4.727263721416e-04
2.405000000000e-01 4.455762586605e-04 4.777057172271e-04
2.410000000000e-01 4.385129816070e-04 4.828712395098e-04
2.415000000000e-01 4.318734871547e-04 4.881640037352e-04
2.420000000000e-01 4.256867391559e-04 4.930428532973e-04
2.425000000000e-01 4.199707071357e-04 4.968842677531e-04
2.430000000000e-01 4.147329248993e-04 5.034932817715e-04
2.435000000000e-01 4.099713842967e-04 5.056743809619e-04
2.440000000000e-01 4.056757264987e-04 5.122022535036e-04
2.445000000000e-01 4.018286813289e-04 5.179670818434e-04
2.450000000000e-01 3.984076949372e-04 5.223632734972e-04
2.455000000000e-01 3.953866782151e-04 5.288743240254e-04
2.460000000000e-01 3.927378033808e-04 5.329564853588e-04
2.465000000000e-01 3.904332745512e-04 5.380306798246e-04
2.470000000000e-01 3.884469997941e-04 5.447905098874e-04
2.475000000000e-01 3.867560971108e-04 5.492694146246e-04
2.480000000000e-01 3.853421745282e-04 5.551168396326e-04
2.485000000000e-01 3.841923346604e-04 5.596735680098e-04
2.490000000000e-01 3.832998660567e-04 5.651939241819e-04
2.495000000000e-01 3.826645970344e-04 5.699743445927e-04
2.500000000000e-01 3.822929020618e-04 5.739666333006e-04
2.505000000000e-01 3.821973655912e-04 5.797736621932e-04
2.510000000000e-01 3.823961230685e-04 5.836644367439e-04
2.515000000000e-01 3.829119127057e-04 5.895340388699e-04
2.520000000000e-01 3.837708836612e-04 5.937473420591e-04
2.525000000000e-01 3.850012155671e-04 5.969463185825e-04
2.530000000000e-01 3.866316104622e-04 6.021281390097e-04
2.535000000000e-01 3.886897210543e-04 6.050435860261e-04
2.540000000000e-01 3.912005792830e-04 6.117882820976e-04
2.545000000000e-01 3.941850867563e-04 6.163602608815e-04
2.550000000000e-01 3.976586241032e-04 6.208728678533e-04
2.555000000000e-01 4.016298299947e-04 6.267945658341e-04
2.560000000000e-01 4.060995927840e-04 6.295802679786e-04
2.565000000000e-01 4.110602887587e-04 6.367284013346e-04
2.570000000000e-01 4.164952913669e-04 6.430186120046e-04
2.575000000000e-01 4.223787657488e-04 6.477311622850e-04
2.580000000000e-01 4.286757529516e-04 6.521707768524e-04
2.585000000000e-01 4.353425386759e-04 6.591470229914e-04
2.590000000000e-01 4.423272929025e-04 6.643545129963e-04
2.595000000000e-01 4.495709595682e-04 6.697530405380e-04
2.600000000000e-01 4.570083697901e-04 6.754140846218e-04
2.605000000000e-01 4.645695477755e-04 6.828242106510e-04
2.610000000000e-01 4.721811752326e-04 6.903442909480e-04
2.615000000000e-01 4.797681775515e-04 6.986344585737e-04
2.620000000000e-01 4.872553931805e-04 7.039101097472e-04
2.625000000000e-01 4.945692864751e-04 7.122086010681e-04
2.630000000000e-01 5.016396638191e-04 7.194582485814e-04
2.635000000000e-01 5.084013528720e-04 7.289823603702e-04
2.640000000000e-01 5.147958050656e-04 7.406702254670e-04
2.645000000000e-01 5.207725819515e-04 7.467166042535e-04
2.650000000000e-01 5.262906865897e-04 7.535341181063e-04
2.655000000000e-01 5.313197021974e-04 7.641656306076e-04
2.660000000000e-01 5.358407019350e-04 7.719121386982e-04
2.665000000000e-01 5.398468964047e-04 7.829914427202e-04
2.670000000000e-01 5.433439893781e-04 7.922139806277e-04
2.675000000000e-01 5.463502178153e-04 8.004020520194e-04
2.680000000000e-01 5.488960595648e-04 8.100371076062e-04
2.685000000000e-01 5.510236013065e-04 8.211419647905e-04
2.690000000000e-01 5.527855703197e-04 8.297990734985e-04
2.695000000000e-01 5.542440461251e-04 8.429683235169e-04
2.700000000000e-01 5.554688813325e-04 8.509955671468e-04
2.705000000000e-01 5.565358744669e-04 8.618795844728e-04
2.710000000000e-01 5.575247502200e-04 8.738420150972e-04
2.715000000000e-01 5.585170138612e-04 8.822125092922e-04
2.720000000000e-01 5.595937555603e-04 8.940346594584e-04
2.725000000000e-01 5.608334865051e-04 9.025840839972e-04
2.730000000000e-01 5.623100911536e-04 9.138737504988e-04
2.735000000000e-01 5.640909783028e-04 9.233280713045e-04
2.740000000000e-01 5.662355076005e-04 9.363422561193e-04
2.745000000000e-01 5.687937576571e-04 9.435313094596e-04
2.750000000000e-01 5.718056873325e-04 9.537196288452e-04
2.755000000000e-01 5.753007237219e-04 9.620337198187e-04
2.760000000000e-01 5.792977897606e-04 9.715683671938e-04
2.765000000000e-01 5.838057626266e-04 9.785304688716e-04
2.770000000000e-01 5.888243326149e-04 9.853916384687e-04
2.775000000000e-01 5.943452123305e-04 9.916985547369e-04
2.780000000000e-01 6.003536290692e-04 9.974236272456e-04
2.785000000000e-01 6.068300200276e-04 1.000430518494e-03
2.790000000000e-01 6.137518411360e-04 1.007216018135e-03
2.795000000000e-01 6.210953963092e-04 1.010040835826e-03
2.800000000000e-01 6.288375946697e-04 1.012086020133e-03
2.805000000000e-01 6.369575491619e-04 1.016601071826e-03
2.810000000000e-01 6.454379398828e-04 1.019469778092e-03
2.815000000000e-01 6.542660794067e-04 1.019763144694e-03
2.820000000000e-01 6.634346342406e-04 1.017190598997e-03
2.825000000000e-01 6.729419756660e-04 1.019832411808e-03
2.830000000000e-01 6.827921529667e-04 1.018746024060e-03
2.835000000000e-01 6.929945024169e-04 1.019973274343e-03
2.840000000000e-01 7.035629236350e-04 1.018547885189e-03
2.845000000000e-01 7.145148721689e-04 1.019021229872e-03
2.850000000000e-01 7.258701310735e-04 1.017737750991e-03
2.855000000000e-01 7.376494349409e-04 1.015907935023e-03
2.860000000000e-01 7.498730271000e-04 1.017755795365e-03
2.865000000000e-01 7.625592328293e-04 1.015126322578e-03
2.870000000000e-01 7.757231301053e-04 1.020033111816e-03
2.875000000000e-01 7.893753932438e-04 1.021833474709e-03
2.880000000000e-01 8.035213750890e-04 1.022205770896e-03
2.885000000000e-01 8.181604808840e-04 1.025347005422e-03
2.890000000000e-01 8.332858717097e-04 1.029586502057e-03
2.895000000000e-01 8.488845187122e-04 1.032113063704e-03
2.900000000000e-01 8.649376111253e-04 1.038147451713e-03
2.905000000000e-01 8.814213024649e-04 1.041109057403e-03
2.910000000000e-01 8.983077598434e-04 1.047766965855e-03
2.915000000000e-01 9.155664633900e-04 1.053970970982e-03
2.920000000000e-01 9.331656858877e-04 1.063987927019e-03
2.925000000000e-01 9.510740702147e-04 1.073694170573e-03
2.930000000000e-01 9.692622130838e-04 1.081569899667e-03
2.935000000000e-01 9.877041602815e-04 1.091250531850e-03
2.940000000000e-01 1.006378720435e-03 1.105391267698e-03
2.945000000000e-01 1.025270512197e-03 1.116738035913e-03
2.950000000000e-01 1.044370673223e-03 1.130991228957e-03
2.955000000000e-01 1.063677178339e-03 1.143685737309e-03
2.960000000000e-01 1.083194737864e-03 1.158009361620e-03
2.965000000000e-01 1.102934274250e-03 1.175926843214e-03
2.970000000000e-01 1.122912004203e-03 1.191322885435e-03
2.975000000000e-01 1.143148182685e-03 1.207290177622e-03
2.980000000000e-01 1.163665592154e-03 1.225867384823e-03
2.985000000000e-01 1.184487882315e-03 1.244006171936e-03
2.990000000000e-01 1.205637880743e-03 1.261134590505e-03
2.995000000000e-01 1.227136000378e-03 1.279376870836e-03
3.000000000000e-01 1.248998867246e-03 1.302177160112e-03
3.005000000000e-01 1.271238280616e-03 1.319645278579e-03
3.010000000000e-01 1.293860598917e-03 1.340831585887e-03
3.015000000000e-01 1.316866619361e-03 1.362303459970e-03
3.020000000000e-01 1.340251985974e-03 1.379777981279e-03
3.025000000000e-01 1.364008121720e-03 1.400621678306e-03
3.030000000000e-01 1.388123636954e-03 1.415576506472e-03
3.035000000000e-01 1.412586123046e-03 1.436154776574e-03
3.040000000000e-01 1.437384199939e-03 1.451713218164e-03
3.045000000000e-01 1.462509654218e-03 1.466955242919e-03
3.050000000000e-01 1.487959481361e-03 1.482864793108e-03
3.055000000000e-01 1.513737635222e-03 1.496379214544e-03
3.060000000000e-01 1.539856289316e-03 1.509618546584e-03
3.065000000000e-01 1.566336430086e-03 1.522447398213e-03
3.070000000000e-01 1.593207631633e-03 1.533064475215e-03
3.075000000000e-01 1.620506904025e-03 1.542778635010e-03
3.080000000000e-01 1.648276561102e-03 1.550769382438e-03
3.085000000000e-01 1.676561115927e-03 1.557716582955e-03
3.090000000000e-01 1.705403278438e-03 1.563110453884e-03
3.095000000000e-01 1.734839196740e-03 1.563993813317e-03
3.100000000000e-01 1.764893146194e-03 1.569796185597e-03
3.105000000000e-01 1.795571924739e-03 1.572166168641e-03
3.110000000000e-01 1.826859254823e-03 1.572215994397e-03
3.115000000000e-01 1.858710518335e-03 1.573787135529e-03
3.120000000000e-01 1.891048159083e-03 1.568284067031e-03
3.125000000000e-01 1.923758075939e-03 1.569223538648e-03
3.130000000000e-01 1.956687298346e-03 1.569353574558e-03
3.135000000000e-01 1.989643186023e-03 1.565681020521e-03
3.140000000000e-01 2.022394327365e-03 1.562399854783e-03
3.145000000000e-01 2.054673230574e-03 1.558646275684e-03
3.150000000000e-01 2.086180811617e-03 1.558263269288e-03
3.155000000000e-01 2.116592589313e-03 1.555344970097e-03
3.160000000000e-01 2.145566405525e-03 1.551335044468e-03
3.165000000000e-01 2.172751403475e-03 1.548659005553e-03
3.170000000000e-01 2.197797924375e-03 1.545936284096e-03
3.175000000000e-01 2.220367926328e-03 1.545063984118e-03
3.180000000000e-01 2.240145492980e-03 1.543441271000e-03
3.185000000000e-01 2.256846985225e-03 1.543256636306e-03
3.190000000000e-01 2.270230398278e-03 1.538206539811e-03
3.195000000000e-01 2.280103518593e-03 1.541324025612e-03
3.200000000000e-01 2.286330528700e-03 1.539984085301e-03
3.205000000000e-01 2.288836779569e-03 1.542576421603e-03
3.210000000000e-01 2.287611535718e-03 1.543221478880e-03
3.215000000000e-01 2.282708592188e-03 1.543882717886e-03
3.220000000000e-01 2.274244759673e-03 1.547097643308e-03
3.225000000000e-01 2.262396309221e-03 1.547920466776e-03
3.230000000000e-01 2.247393555956e-03 1.552475798169e-03
3.235000000000e-01 2.229513838131e-03 1.555628674227e-03
3.240000000000e-01 2.209073209340e-03 1.560246753476e-03
3.245000000000e-01 2.186417206293e-03 1.567369159047e-03
3.250000000000e-01 2.161911079151e-03 1.571300271505e-03
3.255000000000e-01 2.135929876546e-03 1.579407201420e-03
3.260000000000e-01 2.108848764030e-03 1.585679076678e-03
3.265000000000e-01 2.081033923308e-03 1.594952371664e-03
3.270000000000e-01 2.052834335079e-03 1.604006456606e-03
3.275000000000e-01 2.024574691254e-03 1.613325619228e-03
3.280000000000e-01 1.996549618767e-03 1.621659209767e-03
3.285000000000e-01 1.969019328824e-03 1.633337063147e-03
3.290000000000e-01 1.942206736665e-03 1.643332831596e-03
3.295000000000e-01 1.916296030975e-03 1.658188823157e-03
3.300000000000e-01 1.891432612079e-03 1.667404143315e-03
3.305000000000e-01 1.867724267394e-03 1.687162733163e-03
3.310000000000e-01 1.845243412767e-03 1.699821269181e-03
3.315000000000e-01 1.824030201064e-03 1.715405904218e-03
3.320000000000e-01 1.804096284121e-03 1.733864367794e-03
3.325000000000e-01 1.785429011072e-03 1.750775322549e-03
3.330000000000e-01 1.767995852722e-03 1.769657770713e-03
3.335000000000e-01 1.751748857984e-03 1.789529050589e-03
3.340000000000e-01 1.736628971473e-03 1.809242471294e-03
3.345000000000e-01 1.722570069867e-03 1.830586404942e-03
3.350000000000e-01 1.709502606365e-03 1.852602054976e-03
3.355000000000e-01 1.697356785067e-03 1.872434452136e-03
3.360000000000e-01 1.686065219039e-03 1.896483528529e-03
3.365000000000e-01 1.675565054881e-03 1.921407931698e-03
3.370000000000e-01 1.665799572001e-03 1.948681479569e-03
3.375000000000e-01 1.656719285240e-03 1.969308993350e-03
3.380000000000e-01 1.648282594936e-03 1.996150873222e-03
3.385000000000e-01 1.640456038622e-03 2.025250977433e-03
3.390000000000e-01 1.633214205357e-03 2.049644410336e-03
3.395000000000e-01 1.626539376242e-03 2.076880006814e-03
3.400000000000e-01 1.620420955355e-03 2.102562157288e-03
3.405000000000e-01 1.614854751841e-03 2.130307187197e-03
3.410000000000e-01 1.609842168170e-03 2.159807992932e-03
3.415000000000e-01 1.605389341277e-03 2.187512743141e-03
3.420000000000e-01 1.601506274401e-03 2.212553910874e-03
3.425000000000e-01 1.598205990367e-03 2.239225125889e-03
3.430000000000e-01 1.595503731377e-03 2.268970170962e-03
3.435000000000e-01 1.593416226491e-03 2.296361763965e-03
3.440000000000e-01 1.591961044155e-03 2.319370553077e-03
3.445000000000e-01 1.591156042947e-03 2.345481577582e-03
3.450000000000e-01 1.591018928281e-03 2.373904843134e-03
3.455000000000e-01 1.591566917785e-03 2.398324120238e-03
3.460000000000e-01 1.592816512774e-03 2.421989026082e-03
3.465000000000e-01 1.594783369054e-03 2.436437331199e-03
3.470000000000e-01 1.597482257011e-03 2.464288066217e-03
3.475000000000e-01 1.600927097774e-03 2.487630734460e-03
3.480000000000e-01 1.605131060503e-03 2.501323038502e-03
3.485000000000e-01 1.610106704067e-03 2.523460109712e-03
3.490000000000e-01 1.615866145539e-03 2.538998993529e-03
3.495000000000e-01 1.622421238157e-03 2.552482448490e-03
3.500000000000e-01 1.629783741386e-03 2.569899809878e-03
3.505000000000e-01 1.637965466502e-03 2.581512936341e-03
3.510000000000e-01 1.646978381920e-03 2.597828077498e-03
3.515000000000e-01 1.656834663103e-03 2.607233969531e-03
3.520000000000e-01 1.667546673786e-03 2.619214735568e-03
3.525000000000e-01 1.679126866317e-03 2.629611089127e-03
3.530000000000e-01 1.691587590802e-03 2.638467500859e-03
3.535000000000e-01 1.704940804680e-03 2.647559770026e-03
3.540000000000e-01 1.719197675841e-03 2.658033423356e-03
3.545000000000e-01 1.734368075246e-03 2.659383841045e-03
3.550000000000e-01 1.750459958919e-03 2.669308246905e-03
3.555000000000e-01 1.767478644565e-03 2.673653332234e-03
3.560000000000e-01 1.785425994999e-03 2.678694813995e-03
3.565000000000e-01 1.804299527629e-03 2.681531389634e-03
3.570000000000e-01 1.824091475849e-03 2.686886959923e-03
3.575000000000e-01 1.844787834632e-03 2.690313062732e-03
3.580000000000e-01 1.866367427543e-03 2.686218270336e-03
3.585000000000e-01 1.888801037163e-03 2.691536587724e-03
3.590000000000e-01 1.912050643521e-03 2.693151035354e-03
3.595000000000e-01 1.936068816107e-03 2.690289779668e-03
3.600000000000e-01 1.960798302871e-03 2.688686275078e-03
3.605000000000e-01 1.986171854744e-03 2.686933526050e-03
3.610000000000e-01 2.012112316472e-03 2.682232908340e-03
3.615000000000e-01 2.038533004302e-03 2.679107622713e-03
3.620000000000e-01 2.065338379738e-03 2.674379065326e-03
3.625000000000e-01 2.092425015262e-03 2.671355293856e-03
3.630000000000e-01 2.119682834566e-03 2.666439307808e-03
3.635000000000e-01 2.146996596276e-03 2.657229692000e-03
3.640000000000e-01 2.174247578204e-03 2.651165618086e-03
3.645000000000e-01 2.201315409121e-03 2.648047084547e-03
3.650000000000e-01 2.228079988583e-03 2.641290805151e-03
3.655000000000e-01 2.254423432275e-03 2.633666067484e-03
3.660000000000e-01 2.280231981792e-03 2.630164760379e-03
3.665000000000e-01 2.305397821853e-03 2.625563794181e-03
3.670000000000e-01 2.329820755091e-03 2.618451982404e-03
3.675000000000e-01 2.353409693207e-03 2.616646613653e-03
3.680000000000e-01 2.376083933228e-03 2.615014703725e-03
3.685000000000e-01 2.397774197882e-03 2.612106416251e-03
3.690000000000e-01 2.418423430439e-03 2.608299868183e-03
3.695000000000e-01 2.437987344638e-03 2.612101061146e-03
3.700000000000e-01 2.456434740505e-03 2.609830729614e-03
3.705000000000e-01 2.473747604179e-03 2.609444696420e-03
3.710000000000e-01 2.489921015556e-03 2.613160906201e-03
3.715000000000e-01 2.504962890134e-03 2.617065243136e-03
3.720000000000e-01 2.518893582603e-03 2.619610780480e-03
3.725000000000e-01 2.531745378901e-03 2.626952163264e-03
3.730000000000e-01 2.543561901415e-03 2.634275152427e-03
3.735000000000e-01 2.554397448899e-03 2.636610909368e-03
3.740000000000e-01 2.564316287968e-03 2.645109460413e-03
3.745000000000e-01 2.573391907778e-03 2.654929790978e-03
3.750000000000e-01 2.581706243394e-03 2.663023915208e-03
3.755000000000e-01 2.589348867754e-03 2.670317567712e-03
3.760000000000e-01 2.596416147050e-03 2.680272940046e-03
3.765000000000e-01 2.603010350280e-03 2.688348903486e-03
3.770000000000e-01 2.609238701149e-03 2.697556190987e-03
3.775000000000e-01 2.615212359675e-03 2.704037031741e-03
3.780000000000e-01 2.621045322700e-03 2.711035687828e-03
3.785000000000e-01 2.626853236652e-03 2.719036214143e-03
3.790000000000e-01 2.632752122724e-03 2.728174816606e-03
3.795000000000e-01 2.638857022287e-03 2.737111322077e-03
3.800000000000e-01 2.645280579274e-03 2.739915534257e-03
3.805000000000e-01 2.652131585112e-03 2.748754949353e-03
3.810000000000e-01 2.659513520928e-03 2.753328208705e-03
3.815000000000e-01 2.667523140493e-03 2.757487262356e-03
3.820000000000e-01 2.676249145385e-03 2.763519904135e-03
3.825000000000e-01 2.685771009021e-03 2.768668953651e-03
3.830000000000e-01 2.696158007988e-03 2.770905059079e-03
3.835000000000e-01 2.707468515983e-03 2.780657868760e-03
3.840000000000e-01 2.719749608229e-03 2.783481405883e-03
3.845000000000e-01 2.733037012744e-03 2.790050023786e-03
3.850000000000e-01 2.747355430778e-03 2.790225578085e-03
3.855000000000e-01 2.762719232050e-03 2.798293392453e-03
3.860000000000e-01 2.779133511964e-03 2.803668986177e-03
3.865000000000e-01 2.796595478114e-03 2.811721666554e-03
3.870000000000e-01 2.815096113284e-03 2.815421811022e-03
3.875000000000e-01 2.834622041869e-03 2.823385782926e-03
3.880000000000e-01 2.855157508677e-03 2.830298058848e-03
3.885000000000e-01 2.876686362756e-03 2.839795686152e-03
3.890000000000e-01 2.899193927826e-03 2.844557305489e-03
3.895000000000e-01 2.922668635475e-03 2.856399071636e-03
3.900000000000e-01 2.947103298430e-03 2.862767455192e-03
3.905000000000e-01 2.972495910955e-03 2.874224119468e-03
3.910000000000e-01 2.998849880515e-03 2.884637469663e-03
3.915000000000e-01 3.026173619863e-03 2.898920232198e-03
3.920000000000e-01 3.054479461335e-03 2.906261382151e-03
3.925000000000e-01 3.083781892744e-03 2.921636353200e-03
3.930000000000e-01 3.114095156631e-03 2.932916764684e-03
3.935000000000e-01 3.145430298384e-03 2.947698483272e-03
3.940000000000e-01 3.177791791322e-03 2.961467388593e-03
3.945000000000e-01 3.211173906282e-03 2.976360167395e-03
3.950000000000e-01 3.245557026041e-03 2.990665980163e-03
3.955000000000e-01 3.280904127997e-03 3.005096590152e-03
3.960000000000e-01 3.317157669733e-03 3.020921157159e-03
3.965000000000e-01 3.354237108258e-03 3.034206706080e-03
3.970000000000e-01 3.392037264405e-03 3.052954694552e-03
3.975000000000e-01 3.430427708842e-03 3.066930120648e-03
3.980000000000e-01 3.469253295765e-03 3.079390517795e-03
3.985000000000e-01 3.508335908519e-03 3.096998800304e-03
3.990000000000e-01 3.547477410009e-03 3.113932106799e-03
3.995000000000e-01 3.586463715287e-03 3.129633739230e-03
4.000000000000e-01 3.625069829067e-03 3.144327680669e-03
4.005000000000e-01 3.663065622445e-03 3.161215119529e-03
4.010000000000e-01 3.700222065960e-03 3.172512760480e-03
4.015000000000e-01 3.736317595317e-03 3.183749865465e-03
4.020000000000e-01 3.771144265088e-03 3.199467796041e-03
4.025000000000e-01 3.804513347325e-03 3.211180341185e-03
4.030000000000e-01 3.836260057840e-03 3.224624680600e-03
4.035000000000e-01 3.866247140484e-03 3.236302533979e-03
4.040000000000e-01 3.894367108444e-03 3.245159178542e-03
4.045000000000e-01 3.920543024354e-03 3.259827275780e-03
4.050000000000e-01 3.944727794001e-03 3.273324700580e-03
4.055000000000e-01 3.966902043890e-03 3.279393896769e-03
4.060000000000e-01 3.987070744359e-03 3.286732718416e-03
4.065000000000e-01 4.005258820748e-03 3.297740718055e-03
4.070000000000e-01 4.021506060187e-03 3.308036023118e-03
4.075000000000e-01 4.035861666396e-03 3.317052855159e-03
4.080000000000e-01 4.048378835703e-03 3.325804725936e-03
4.085000000000e-01 4.059109724067e-03 3.333270207449e-03
4.090000000000e-01 4.068101146111e-03 3.345238866292e-03
4.095000000000e-01 4.075391296262e-03 3.349874524255e-03
4.100000000000e-01 4.081007713349e-03 3.357989137581e-03
4.105000000000e-01 4.084966628045e-03 3.366662078773e-03
4.110000000000e-01 4.087273744970e-03 3.375765989471e-03
4.115000000000e-01 4.087926421385e-03 3.385653608090e-03
4.120000000000e-01 4.086917120271e-03 3.393019670922e-03
4.125000000000e-01 4.084237939799e-03 3.403036510544e-03
4.130000000000e-01 4.079885959648e-03 3.414009818419e-03
4.135000000000e-01 4.073869100038e-03 3.424744940553e-03
4.140000000000e-01 4.066212163541e-03 3.440318516134e-03
4.145000000000e-01 4.056962724114e-03 3.454711174729e-03
4.150000000000e-01 4.046196539467e-03 3.467877747196e-03
4.155000000000e-01 4.034022191337e-03 3.486347735889e-03
4.160000000000e-01 4.020584699111e-03 3.504147405181e-03
4.165000000000e-01 4.006067903230e-03 3.521675361120e-03
4.170000000000e-01 3.990695472674e-03 3.540326259218e-03
4.175000000000e-01 3.974730451861e-03 3.559844684265e-03
4.180000000000e-01 3.958473323790e-03 3.581144729338e-03
4.185000000000e-01 3.942258624490e-03 3.605440839036e-03
4.190000000000e-01 3.926450196909e-03 3.632274569836e-03
4.195000000000e-01 3.911435218641e-03 3.663689243399e-03
4.200000000000e-01 3.897617176285e-03 3.687630519207e-03
4.205000000000e-01 3.885407989820e-03 3.716326196603e-03
4.210000000000e-01 3.875219512555e-03 3.751376054886e-03
4.215000000000e-01 3.867454646731e-03 3.780707359918e-03
4.220000000000e-01 3.862498321591e-03 3.813294102903e-03
4.225000000000e-01 3.860708581141e-03 3.848254787052e-03
4.230000000000e-01 3.862408024058e-03 3.884006862534e-03
4.235000000000e-01 3.867875828750e-03 3.916861826411e-03
4.240000000000e-01 3.877340584247e-03 3.953282591479e-03
4.245000000000e-01 3.890974130665e-03 3.992328754798e-03
4.250000000000e-01 3.908886592430e-03 4.031422881229e-03
4.255000000000e-01 3.931122762091e-03 4.069677886047e-03
4.260000000000e-01 3.957659963477e-03 4.112327801950e-03
4.265000000000e-01 3.988407489194e-03 4.149030292088e-03
4.270000000000e-01 4.023207669674e-03 4.189791951533e-03
4.275000000000e-01 4.061838588496e-03 4.231982259761e-03
4.280000000000e-01 4.104018412423e-03 4.269612347152e-03
4.285000000000e-01 4.149411254904e-03 4.310078777352e-03
4.290000000000e-01 4.197634441243e-03 4.349881640238e-03
4.295000000000e-01 4.248266992643e-03 4.387999274981e-03
4.300000000000e-01 4.300859098555e-03 4.429233114956e-03
4.305000000000e-01 4.354942304255e-03 4.466173558004e-03
4.310000000000e-01 4.410040106187e-03 4.505034853798e-03
4.315000000000e-01 4.465678623606e-03 4.535361975460e-03
4.320000000000e-01 4.521397004003e-03 4.571826047026e-03
4.325000000000e-01 4.576757222210e-03 4.612033103897e-03
4.330000000000e-01 4.631352951337e-03 4.639606304797e-03
4.335000000000e-01 4.684817217615e-03 4.671799796837e-03
4.340000000000e-01 4.736828600109e-03 4.700426789195e-03
4.345000000000e-01 4.787115798331e-03 4.728888471802e-03
4.350000000000e-01 4.835460461688e-03 4.758691724533e-03
4.355000000000e-01 4.881698250885e-03 4.780071630515e-03
4.360000000000e-01 4.925718177594e-03 4.803722566520e-03
4.365000000000e-01 4.967460341388e-03 4.823082899566e-03
4.370000000000e-01 5.006912246741e-03 4.839111426209e-03
4.375000000000e-01 5.044103934932e-03 4.851120364753e-03
4.380000000000e-01 5.079102201431e-03 4.866107672793e-03
4.385000000000e-01 5.112004187637e-03 4.874358259211e-03
4.390000000000e-01 5.142930635514e-03 4.881278917035e-03
4.395000000000e-01 5.172019076732e-03 4.888212147714e-03
4.400000000000e-01 5.199417197839e-03 4.886352762255e-03
4.405000000000e-01 5.225276582302e-03 4.889240793464e-03
4.410000000000e-01 5.249746984565e-03 4.888059876478e-03
4.415000000000e-01 5.272971244054e-03 4.880236301447e-03
4.420000000000e-01 5.295080901633e-03 4.871022727519e-03
4.425000000000e-01 5.316192542010e-03 4.861782145237e-03
4.430000000000e-01 5.336404853833e-03 4.847485412864e-03
4.435000000000e-01 5.355796377798e-03 4.833642700231e-03
4.440000000000e-01 5.374423901984e-03 4.818640025369e-03
4.445000000000e-01 5.392321462286e-03 4.801671794278e-03
4.450000000000e-01 5.409499912634e-03 4.783553845507e-03
4.455000000000e-01 5.425947041472e-03 4.762590706364e-03
4.460000000000e-01 5.441628224157e-03 4.737621483297e-03
4.465000000000e-01 5.456487612710e-03 4.720305868897e-03
4.470000000000e-01 5.470449870788e-03 4.695510803147e-03
4.475000000000e-01 5.483422461697e-03 4.677031966889e-03
4.480000000000e-01 5.495298489198e-03 4.654704905880e-03
4.485000000000e-01 5.505960075776e-03 4.631158278000e-03
4.490000000000e-01 5.515282240312e-03 4.608966258760e-03
4.495000000000e-01 5.523137210747e-03 4.585342331108e-03
