# energy_au reference prediction
# {"density_npz": "/home/ubuntu/datasets/new_mol_all/972/density_M972.npz", "density_preprocessing": "maximum absolute amplitude; integer centre-of-mass alignment", "energy_max_au": 0.4495, "energy_min_au": 0.0, "input_shape": [1, 155, 147, 143], "model": "/home/ubuntu/projects/densitySpec/density_spec_npz_runs_900/exp_003/cnn_model_torchscript.pt", "model_output_bins": 900, "normalization": "unit sum within selected leading bins", "reference": "/home/ubuntu/datasets/new_mol_all/972/tddft_spectrum_gamma_150meV_M972.dat", "reference_column": 1, "reference_sigma_bins": 10.0, "selected_bins": 900}
0.000000000000e+00 1.473123117876e-05 1.482692670666e-05
5.000000000000e-04 1.473510081899e-05 1.476896006071e-05
1.000000000000e-03 1.474280432862e-05 1.481033570399e-05
1.500000000000e-03 1.475427123079e-05 1.482489762394e-05
2.000000000000e-03 1.476939841977e-05 1.483186253450e-05
2.500000000000e-03 1.478805314893e-05 1.486910907175e-05
3.000000000000e-03 1.481007678618e-05 1.482908311864e-05
3.500000000000e-03 1.483528916107e-05 1.493738029287e-05
4.000000000000e-03 1.486349330679e-05 1.498168359965e-05
4.500000000000e-03 1.489448039163e-05 1.502314109745e-05
5.000000000000e-03 1.492803463858e-05 1.501766866772e-05
5.500000000000e-03 1.496393804653e-05 1.509163059730e-05
6.000000000000e-03 1.500197475064e-05 1.507126428205e-05
6.500000000000e-03 1.504193489225e-05 1.510279555448e-05
7.000000000000e-03 1.508361790313e-05 1.516105141975e-05
7.500000000000e-03 1.512683514756e-05 1.521291899411e-05
8.000000000000e-03 1.517141190165e-05 1.524426654861e-05
8.500000000000e-03 1.521718868275e-05 1.530725815288e-05
9.000000000000e-03 1.526402196997e-05 1.531653136104e-05
9.500000000000e-03 1.531178437894e-05 1.539191392138e-05
1.000000000000e-02 1.536036436916e-05 1.547150744226e-05
1.050000000000e-02 1.540966557090e-05 1.549722613394e-05
1.100000000000e-02 1.545960582176e-05 1.556184937174e-05
1.150000000000e-02 1.551011599916e-05 1.559767982571e-05
1.200000000000e-02 1.556113872977e-05 1.562884275278e-05
1.250000000000e-02 1.561262704500e-05 1.575474410680e-05
1.300000000000e-02 1.566454304170e-05 1.576857206452e-05
1.350000000000e-02 1.571685659406e-05 1.583299885146e-05
1.400000000000e-02 1.576954415066e-05 1.590052519641e-05
1.450000000000e-02 1.582258763868e-05 1.591300164497e-05
1.500000000000e-02 1.587597348893e-05 1.598981574999e-05
1.550000000000e-02 1.592969178566e-05 1.601614926010e-05
1.600000000000e-02 1.598373553873e-05 1.603952873136e-05
1.650000000000e-02 1.603810007260e-05 1.608536180825e-05
1.700000000000e-02 1.609278252053e-05 1.621940677800e-05
1.750000000000e-02 1.614778141379e-05 1.624786122979e-05
1.800000000000e-02 1.620309635257e-05 1.629849461982e-05
1.850000000000e-02 1.625872774612e-05 1.635505245844e-05
1.900000000000e-02 1.631467661096e-05 1.645161351282e-05
1.950000000000e-02 1.637094441577e-05 1.655302035505e-05
2.000000000000e-02 1.642753296442e-05 1.653453578437e-05
2.050000000000e-02 1.648444390248e-05 1.664964325507e-05
2.100000000000e-02 1.654167919683e-05 1.664344413906e-05
2.150000000000e-02 1.659924144960e-05 1.668435866851e-05
2.200000000000e-02 1.665713329000e-05 1.679456578165e-05
2.250000000000e-02 1.671535737466e-05 1.687936888829e-05
2.300000000000e-02 1.677391638786e-05 1.695599745639e-05
2.350000000000e-02 1.683281304196e-05 1.697771255231e-05
2.400000000000e-02 1.689205007761e-05 1.708429805748e-05
2.450000000000e-02 1.695163026422e-05 1.707407169886e-05
2.500000000000e-02 1.701155640031e-05 1.714928509317e-05
2.550000000000e-02 1.707183131368e-05 1.724212813313e-05
2.600000000000e-02 1.713245786202e-05 1.729344910116e-05
2.650000000000e-02 1.719343893319e-05 1.734680188040e-05
2.700000000000e-02 1.725477744541e-05 1.744699545668e-05
2.750000000000e-02 1.731647634813e-05 1.750562148630e-05
2.800000000000e-02 1.737853862186e-05 1.748521424379e-05
2.850000000000e-02 1.744096727904e-05 1.765814375077e-05
2.900000000000e-02 1.750376536430e-05 1.767773972399e-05
2.950000000000e-02 1.756693595486e-05 1.771255336287e-05
3.000000000000e-02 1.763048216090e-05 1.779189586321e-05
3.050000000000e-02 1.769440712628e-05 1.784294762081e-05
3.100000000000e-02 1.775871402879e-05 1.791461944268e-05
3.150000000000e-02 1.782340608059e-05 1.797453331683e-05
3.200000000000e-02 1.788848652879e-05 1.805449609257e-05
3.250000000000e-02 1.795395865580e-05 1.807744628232e-05
3.300000000000e-02 1.801982578003e-05 1.824230129518e-05
3.350000000000e-02 1.808609125605e-05 1.831693988883e-05
3.400000000000e-02 1.815275847542e-05 1.841299526414e-05
3.450000000000e-02 1.821983086693e-05 1.849498985108e-05
3.500000000000e-02 1.828731189719e-05 1.852008826736e-05
3.550000000000e-02 1.835520507121e-05 1.865674712493e-05
3.600000000000e-02 1.842351393289e-05 1.862526405572e-05
3.650000000000e-02 1.849224206555e-05 1.870234373320e-05
3.700000000000e-02 1.856139309238e-05 1.874423324099e-05
3.750000000000e-02 1.863097067727e-05 1.889187515679e-05
3.800000000000e-02 1.870097852508e-05 1.895381902315e-05
3.850000000000e-02 1.877142038238e-05 1.897132497751e-05
3.900000000000e-02 1.884230003802e-05 1.911530708656e-05
3.950000000000e-02 1.891362132369e-05 1.911097607270e-05
4.000000000000e-02 1.898538811459e-05 1.923234268605e-05
4.050000000000e-02 1.905760432990e-05 1.933485001690e-05
4.100000000000e-02 1.913027393359e-05 1.933916647884e-05
4.150000000000e-02 1.920340093480e-05 1.945546538761e-05
4.200000000000e-02 1.927698938875e-05 1.951811320288e-05
4.250000000000e-02 1.935104339717e-05 1.967015343515e-05
4.300000000000e-02 1.942556710899e-05 1.964652294334e-05
4.350000000000e-02 1.950056472094e-05 1.971516069084e-05
4.400000000000e-02 1.957604047850e-05 1.987318176038e-05
4.450000000000e-02 1.965199867606e-05 1.989680133824e-05
4.500000000000e-02 1.972844365804e-05 1.999807175627e-05
4.550000000000e-02 1.980537981930e-05 2.013035958221e-05
4.600000000000e-02 1.988281160603e-05 2.016403089572e-05
4.650000000000e-02 1.996074351642e-05 2.021886251337e-05
4.700000000000e-02 2.003918010128e-05 2.037593588941e-05
4.750000000000e-02 2.011812596495e-05 2.036368681453e-05
4.800000000000e-02 2.019758576604e-05 2.050289953327e-05
4.850000000000e-02 2.027756421808e-05 2.057099885989e-05
4.900000000000e-02 2.035806609059e-05 2.065448683716e-05
4.950000000000e-02 2.043909620968e-05 2.078305664869e-05
5.000000000000e-02 2.052065945903e-05 2.080807502944e-05
5.050000000000e-02 2.060276078064e-05 2.085985256382e-05
5.100000000000e-02 2.068540517589e-05 2.093433654337e-05
5.150000000000e-02 2.076859770619e-05 2.103602350998e-05
5.200000000000e-02 2.085234349417e-05 2.115465982018e-05
5.250000000000e-02 2.093664772431e-05 2.124949101560e-05
5.300000000000e-02 2.102151564419e-05 2.131897095520e-05
5.350000000000e-02 2.110695256522e-05 2.137095221640e-05
5.400000000000e-02 2.119296386366e-05 2.152714702054e-05
5.450000000000e-02 2.127955498163e-05 2.163689211037e-05
5.500000000000e-02 2.136673142798e-05 2.164163785381e-05
5.550000000000e-02 2.145449877961e-05 2.175085543670e-05
5.600000000000e-02 2.154286268198e-05 2.185020500188e-05
5.650000000000e-02 2.163182885066e-05 2.191071732355e-05
5.700000000000e-02 2.172140307197e-05 2.207429176785e-05
5.750000000000e-02 2.181159120436e-05 2.208183875503e-05
5.800000000000e-02 2.190239917923e-05 2.220824578812e-05
5.850000000000e-02 2.199383300224e-05 2.228043784098e-05
5.900000000000e-02 2.208589875444e-05 2.242823073290e-05
5.950000000000e-02 2.217860259311e-05 2.246176198422e-05
6.000000000000e-02 2.227195075344e-05 2.259810251863e-05
6.050000000000e-02 2.236594954930e-05 2.263408940569e-05
6.100000000000e-02 2.246060537471e-05 2.280547459064e-05
6.150000000000e-02 2.255592470502e-05 2.286124480684e-05
6.200000000000e-02 2.265191409826e-05 2.299180641181e-05
6.250000000000e-02 2.274858019627e-05 2.314627135699e-05
6.300000000000e-02 2.284592972631e-05 2.316441031968e-05
6.350000000000e-02 2.294396950222e-05 2.333884594992e-05
6.400000000000e-02 2.304270642589e-05 2.335404360668e-05
6.450000000000e-02 2.314214748870e-05 2.347295458429e-05
6.500000000000e-02 2.324229977301e-05 2.361819179605e-05
6.550000000000e-02 2.334317045345e-05 2.369454751573e-05
6.600000000000e-02 2.344476679859e-05 2.368546530146e-05
6.650000000000e-02 2.354709617249e-05 2.384138180022e-05
6.700000000000e-02 2.365016603600e-05 2.389337033738e-05
6.750000000000e-02 2.375398394866e-05 2.406227623972e-05
6.800000000000e-02 2.385855757007e-05 2.417740190030e-05
6.850000000000e-02 2.396389466162e-05 2.421389446643e-05
6.900000000000e-02 2.407000308804e-05 2.439616448418e-05
6.950000000000e-02 2.417689081926e-05 2.441055632862e-05
7.000000000000e-02 2.428456593186e-05 2.451823322746e-05
7.050000000000e-02 2.439303661115e-05 2.458879546578e-05
7.100000000000e-02 2.450231115266e-05 2.463570356543e-05
7.150000000000e-02 2.461239796400e-05 2.472039207573e-05
7.200000000000e-02 2.472330556697e-05 2.489201372931e-05
7.250000000000e-02 2.483504259924e-05 2.495974016309e-05
7.300000000000e-02 2.494761781631e-05 2.501471184293e-05
7.350000000000e-02 2.506104009353e-05 2.514607198426e-05
7.400000000000e-02 2.517531842817e-05 2.517064289360e-05
7.450000000000e-02 2.529046194146e-05 2.534102581537e-05
7.500000000000e-02 2.540647988071e-05 2.548371098494e-05
7.550000000000e-02 2.552338162168e-05 2.547792659853e-05
7.600000000000e-02 2.564117667039e-05 2.555744372186e-05
7.650000000000e-02 2.575987466580e-05 2.574483601387e-05
7.700000000000e-02 2.587948538191e-05 2.579007791919e-05
7.750000000000e-02 2.600001873025e-05 2.590561467139e-05
7.800000000000e-02 2.612148476212e-05 2.594288212702e-05
7.850000000000e-02 2.624389367120e-05 2.611642645243e-05
7.900000000000e-02 2.636725579600e-05 2.619325329038e-05
7.950000000000e-02 2.649158162238e-05 2.636938967574e-05
8.000000000000e-02 2.661688178625e-05 2.636308869632e-05
8.050000000000e-02 2.674316707616e-05 2.660567276589e-05
8.100000000000e-02 2.687044843600e-05 2.663221364080e-05
8.150000000000e-02 2.699873696789e-05 2.668315807802e-05
8.200000000000e-02 2.712804393494e-05 2.679923507008e-05
8.250000000000e-02 2.725838076402e-05 2.697747784521e-05
8.300000000000e-02 2.738975904894e-05 2.702635227245e-05
8.350000000000e-02 2.752219055331e-05 2.714689670258e-05
8.400000000000e-02 2.765568721382e-05 2.736581390056e-05
8.450000000000e-02 2.779026114306e-05 2.737500161621e-05
8.500000000000e-02 2.792592463314e-05 2.750929578751e-05
8.550000000000e-02 2.806269015868e-05 2.775206539400e-05
8.600000000000e-02 2.820057038036e-05 2.787666980855e-05
8.650000000000e-02 2.833957814830e-05 2.793128860444e-05
8.700000000000e-02 2.847972650552e-05 2.812476905410e-05
8.750000000000e-02 2.862102869170e-05 2.824669773519e-05
8.800000000000e-02 2.876349814663e-05 2.829655259774e-05
8.850000000000e-02 2.890714851414e-05 2.851957161690e-05
8.900000000000e-02 2.905199364601e-05 2.866156011352e-05
8.950000000000e-02 2.919804760557e-05 2.873275536017e-05
9.000000000000e-02 2.934532467219e-05 2.909703709917e-05
9.050000000000e-02 2.949383934498e-05 2.905875464743e-05
9.100000000000e-02 2.964360634732e-05 2.911156536782e-05
9.150000000000e-02 2.979464063094e-05 2.944677783659e-05
9.200000000000e-02 2.994695738062e-05 2.965223996969e-05
9.250000000000e-02 3.010057201850e-05 2.963558894036e-05
9.300000000000e-02 3.025550020878e-05 2.979752447518e-05
9.350000000000e-02 3.041175786250e-05 2.999911034178e-05
9.400000000000e-02 3.056936114250e-05 3.018596603190e-05
9.450000000000e-02 3.072832646826e-05 3.032576446524e-05
9.500000000000e-02 3.088867052119e-05 3.042664743852e-05
9.550000000000e-02 3.105041024984e-05 3.057124982297e-05
9.600000000000e-02 3.121356287510e-05 3.075660848479e-05
9.650000000000e-02 3.137814589607e-05 3.100546079196e-05
9.700000000000e-02 3.154417709536e-05 3.118512601684e-05
9.750000000000e-02 3.171167454499e-05 3.138689560137e-05
9.800000000000e-02 3.188065661252e-05 3.154392532167e-05
9.850000000000e-02 3.205114196678e-05 3.161081320132e-05
9.900000000000e-02 3.222314958434e-05 3.184045334204e-05
9.950000000000e-02 3.239669875583e-05 3.200304917002e-05
1.000000000000e-01 3.257180909246e-05 3.210447238316e-05
1.005000000000e-01 3.274850053278e-05 3.231217914923e-05
1.010000000000e-01 3.292679334945e-05 3.246833939257e-05
1.015000000000e-01 3.310670815647e-05 3.275170156738e-05
1.020000000000e-01 3.328826591626e-05 3.277335481766e-05
1.025000000000e-01 3.347148794705e-05 3.288264697912e-05
1.030000000000e-01 3.365639593077e-05 3.298400107066e-05
1.035000000000e-01 3.384301192051e-05 3.333139167373e-05
1.040000000000e-01 3.403135834878e-05 3.346013974623e-05
1.045000000000e-01 3.422145803582e-05 3.366778102867e-05
1.050000000000e-01 3.441333419782e-05 3.383430587384e-05
1.055000000000e-01 3.460701045586e-05 3.399193949863e-05
1.060000000000e-01 3.480251084487e-05 3.417739638587e-05
1.065000000000e-01 3.499985982264e-05 3.422856092082e-05
1.070000000000e-01 3.519908227947e-05 3.445269679950e-05
1.075000000000e-01 3.540020354788e-05 3.475819971376e-05
1.080000000000e-01 3.560324941257e-05 3.492798418800e-05
1.085000000000e-01 3.580824612062e-05 3.525643911101e-05
1.090000000000e-01 3.601522039248e-05 3.549262033776e-05
1.095000000000e-01 3.622419943234e-05 3.570051627872e-05
1.100000000000e-01 3.643521093965e-05 3.598192485888e-05
1.105000000000e-01 3.664828312084e-05 3.637101761383e-05
1.110000000000e-01 3.686344470068e-05 3.666014234719e-05
1.115000000000e-01 3.708072493501e-05 3.688512587494e-05
1.120000000000e-01 3.730015362315e-05 3.728077062985e-05
1.125000000000e-01 3.752176112078e-05 3.760295367727e-05
1.130000000000e-01 3.774557835353e-05 3.807136164772e-05
1.135000000000e-01 3.797163683058e-05 3.831686337635e-05
1.140000000000e-01 3.819996865903e-05 3.880550214734e-05
1.145000000000e-01 3.843060655844e-05 3.913229451400e-05
1.150000000000e-01 3.866358387602e-05 3.963186541152e-05
1.155000000000e-01 3.889893460228e-05 3.980601546041e-05
1.160000000000e-01 3.913669338698e-05 4.059481295470e-05
1.165000000000e-01 3.937689555597e-05 4.088016874194e-05
1.170000000000e-01 3.961957712831e-05 4.112144313911e-05
1.175000000000e-01 3.986477483396e-05 4.162823906268e-05
1.180000000000e-01 4.011252613217e-05 4.226316460234e-05
1.185000000000e-01 4.036286923057e-05 4.262052326753e-05
1.190000000000e-01 4.061584310468e-05 4.300957964269e-05
1.195000000000e-01 4.087148751817e-05 4.367461309555e-05
1.200000000000e-01 4.112984304408e-05 4.407941464329e-05
1.205000000000e-01 4.139095108632e-05 4.482111850100e-05
1.210000000000e-01 4.165485390240e-05 4.560951581760e-05
1.215000000000e-01 4.192159462670e-05 4.594887012533e-05
1.220000000000e-01 4.219121729460e-05 4.678692585362e-05
1.225000000000e-01 4.246376686766e-05 4.732742037554e-05
1.230000000000e-01 4.273928925988e-05 4.790318510268e-05
1.235000000000e-01 4.301783136398e-05 4.883625028736e-05
1.240000000000e-01 4.329944108117e-05 4.933469341142e-05
1.245000000000e-01 4.358416734770e-05 4.991692646501e-05
1.250000000000e-01 4.387206016762e-05 5.076716578457e-05
1.255000000000e-01 4.416317064306e-05 5.157432779623e-05
1.260000000000e-01 4.445755100692e-05 5.251408322406e-05
1.265000000000e-01 4.475525465830e-05 5.289585636550e-05
1.270000000000e-01 4.505633619613e-05 5.358114244677e-05
1.275000000000e-01 4.536085145877e-05 5.472280934031e-05
1.280000000000e-01 4.566885756014e-05 5.546481878824e-05
1.285000000000e-01 4.598041293190e-05 5.608314059230e-05
1.290000000000e-01 4.629557736490e-05 5.653414447180e-05
1.295000000000e-01 4.661441205402e-05 5.749961313434e-05
1.300000000000e-01 4.693697964291e-05 5.849707418313e-05
1.305000000000e-01 4.726334427389e-05 5.910539882123e-05
1.310000000000e-01 4.759357163758e-05 6.000102556527e-05
1.315000000000e-01 4.792772902538e-05 6.088795390181e-05
1.320000000000e-01 4.826588538717e-05 6.172867990660e-05
1.325000000000e-01 4.860811138858e-05 6.267114926668e-05
1.330000000000e-01 4.895447947157e-05 6.350218733372e-05
1.335000000000e-01 4.930506392094e-05 6.467666515876e-05
1.340000000000e-01 4.965994093107e-05 6.526246706963e-05
1.345000000000e-01 5.001918867890e-05 6.615864678645e-05
1.350000000000e-01 5.038288739921e-05 6.665048697886e-05
1.355000000000e-01 5.075111946516e-05 6.775078641458e-05
1.360000000000e-01 5.112396947323e-05 6.899413845574e-05
1.365000000000e-01 5.150152433292e-05 6.929443906021e-05
1.370000000000e-01 5.188387336330e-05 7.067788966797e-05
1.375000000000e-01 5.227110839318e-05 7.172500912845e-05
1.380000000000e-01 5.266332387152e-05 7.293594677782e-05
1.385000000000e-01 5.306061697899e-05 7.427740783336e-05
1.390000000000e-01 5.346308775516e-05 7.567522118174e-05
1.395000000000e-01 5.387083922790e-05 7.609078750898e-05
1.400000000000e-01 5.428397755398e-05 7.768950460291e-05
1.405000000000e-01 5.470261217153e-05 7.920388607050e-05
1.410000000000e-01 5.512685596200e-05 8.050634799247e-05
1.415000000000e-01 5.555682542646e-05 8.054240763911e-05
1.420000000000e-01 5.599264087284e-05 8.230761319842e-05
1.425000000000e-01 5.643442662149e-05 8.349035651148e-05
1.430000000000e-01 5.688231122620e-05 8.432504710931e-05
1.435000000000e-01 5.733642771468e-05 8.658211468890e-05
1.440000000000e-01 5.779691384784e-05 8.753502504835e-05
1.445000000000e-01 5.826391240675e-05 8.928861817908e-05
1.450000000000e-01 5.873757149960e-05 8.961825544523e-05
1.455000000000e-01 5.921804490253e-05 9.107195542512e-05
1.460000000000e-01 5.970549242831e-05 9.288289765489e-05
1.465000000000e-01 6.020008033219e-05 9.412769033569e-05
1.470000000000e-01 6.070198175432e-05 9.500923082552e-05
1.475000000000e-01 6.121137720627e-05 9.713170046257e-05
1.480000000000e-01 6.172845509953e-05 9.798326400644e-05
1.485000000000e-01 6.225341232367e-05 9.954090831884e-05
1.490000000000e-01 6.278645487647e-05 9.991858145809e-05
1.495000000000e-01 6.332779854564e-05 1.015167164754e-04
1.500000000000e-01 6.387766964590e-05 1.020215369764e-04
1.505000000000e-01 6.443630581394e-05 1.031907615600e-04
1.510000000000e-01 6.500395686273e-05 1.042592359565e-04
1.515000000000e-01 6.558088569845e-05 1.052638783756e-04
1.520000000000e-01 6.616736929900e-05 1.060365778133e-04
1.525000000000e-01 6.676369975694e-05 1.067306241477e-04
1.530000000000e-01 6.737018537734e-05 1.077002255543e-04
1.535000000000e-01 6.798715182227e-05 1.077785948953e-04
1.540000000000e-01 6.861494327924e-05 1.092217665643e-04
1.545000000000e-01 6.925392363795e-05 1.092071928209e-04
1.550000000000e-01 6.990447764909e-05 1.093415215530e-04
1.555000000000e-01 7.056701203993e-05 1.097310326755e-04
1.560000000000e-01 7.124195657064e-05 1.101316687375e-04
1.565000000000e-01 7.192976499723e-05 1.106260482391e-04
1.570000000000e-01 7.263091593456e-05 1.111685654773e-04
1.575000000000e-01 7.334591358863e-05 1.112111152782e-04
1.580000000000e-01 7.407528835820e-05 1.115499420790e-04
1.585000000000e-01 7.481959729993e-05 1.114857026480e-04
1.590000000000e-01 7.557942447008e-05 1.109202152112e-04
1.595000000000e-01 7.635538117401e-05 1.113395286567e-04
1.600000000000e-01 7.714810617132e-05 1.120126056808e-04
1.605000000000e-01 7.795826590055e-05 1.119785833024e-04
1.610000000000e-01 7.878655481759e-05 1.122825655415e-04
1.615000000000e-01 7.963369595171e-05 1.124486465532e-04
1.620000000000e-01 8.050044180286e-05 1.121359549927e-04
1.625000000000e-01 8.138757572563e-05 1.122384295817e-04
1.630000000000e-01 8.229591395055e-05 1.128611205984e-04
1.635000000000e-01 8.322630841383e-05 1.125212169559e-04
1.640000000000e-01 8.417965057291e-05 1.134228754689e-04
1.645000000000e-01 8.515687635721e-05 1.139153195658e-04
1.650000000000e-01 8.615897234886e-05 1.142715068018e-04
1.655000000000e-01 8.718698315998e-05 1.149605982089e-04
1.660000000000e-01 8.824201980127e-05 1.164937807514e-04
1.665000000000e-01 8.932526862624e-05 1.166329334435e-04
1.670000000000e-01 9.043800024913e-05 1.177415420229e-04
1.675000000000e-01 9.158157766959e-05 1.192249424624e-04
1.680000000000e-01 9.275746269083e-05 1.204501846447e-04
1.685000000000e-01 9.396721960591e-05 1.201780201689e-04
1.690000000000e-01 9.521251498281e-05 1.224901230929e-04
1.695000000000e-01 9.649511229991e-05 1.246538183066e-04
1.700000000000e-01 9.781686011760e-05 1.259696607149e-04
1.705000000000e-01 9.917967249929e-05 1.270776435620e-04
1.710000000000e-01 1.005855004978e-04 1.295110876336e-04
1.715000000000e-01 1.020362937583e-04 1.308404342195e-04
1.720000000000e-01 1.035339516097e-04 1.327308008041e-04
1.725000000000e-01 1.050802634870e-04 1.346132074910e-04
1.730000000000e-01 1.066768390824e-04 1.372875148681e-04
1.735000000000e-01 1.083250292881e-04 1.398339982193e-04
1.740000000000e-01 1.100258397161e-04 1.420023354941e-04
1.745000000000e-01 1.117798393575e-04 1.450251030401e-04
1.750000000000e-01 1.135870676892e-04 1.472982868661e-04
1.755000000000e-01 1.154469442315e-04 1.500567334187e-04
1.760000000000e-01 1.173581851514e-04 1.518804522303e-04
1.765000000000e-01 1.193187318934e-04 1.544953732402e-04
1.770000000000e-01 1.213256970212e-04 1.561403508735e-04
1.775000000000e-01 1.233753323355e-04 1.588331828391e-04
1.780000000000e-01 1.254630239494e-04 1.605056053851e-04
1.785000000000e-01 1.275833182539e-04 1.629018111048e-04
1.790000000000e-01 1.297299816755e-04 1.656660493198e-04
1.795000000000e-01 1.318960957552e-04 1.675368435781e-04
1.800000000000e-01 1.340741875263e-04 1.696943251239e-04
1.805000000000e-01 1.362563933869e-04 1.717352312745e-04
1.810000000000e-01 1.384346528500e-04 1.727039086344e-04
1.815000000000e-01 1.406009267784e-04 1.741652410940e-04
1.820000000000e-01 1.427474330698e-04 1.763317593793e-04
1.825000000000e-01 1.448668914062e-04 1.776154711581e-04
1.830000000000e-01 1.469527677093e-04 1.793040026746e-04
1.835000000000e-01 1.489995084287e-04 1.798065821807e-04
1.840000000000e-01 1.510027548210e-04 1.816548500737e-04
1.845000000000e-01 1.529595279456e-04 1.826744736898e-04
1.850000000000e-01 1.548683762078e-04 1.827625855383e-04
1.855000000000e-01 1.567294788851e-04 1.841898083079e-04
1.860000000000e-01 1.585447010420e-04 1.846564736864e-04
1.865000000000e-01 1.603175975143e-04 1.852518944135e-04
1.870000000000e-01 1.620533660439e-04 1.860819793300e-04
1.875000000000e-01 1.637587520439e-04 1.886218124559e-04
1.880000000000e-01 1.654419097115e-04 1.880483796732e-04
1.885000000000e-01 1.671122261697e-04 1.890101885290e-04
1.890000000000e-01 1.687801168641e-04 1.889816522227e-04
1.895000000000e-01 1.704568015153e-04 1.894557099743e-04
1.900000000000e-01 1.721540704821e-04 1.904964629718e-04
1.905000000000e-01 1.738840513986e-04 1.914414789171e-04
1.910000000000e-01 1.756589854581e-04 1.926139558537e-04
1.915000000000e-01 1.774910217978e-04 1.926155856683e-04
1.920000000000e-01 1.793920371463e-04 1.944530560400e-04
1.925000000000e-01 1.813734863696e-04 1.958940885775e-04
1.930000000000e-01 1.834462878798e-04 1.972025240608e-04
1.935000000000e-01 1.856207461645e-04 1.965511803224e-04
1.940000000000e-01 1.879065120762e-04 1.995920358994e-04
1.945000000000e-01 1.903125800286e-04 2.016137044177e-04
1.950000000000e-01 1.928473199768e-04 2.037133712031e-04
1.955000000000e-01 1.955185410491e-04 2.055899280199e-04
1.960000000000e-01 1.983335829411e-04 2.081439638153e-04
1.965000000000e-01 2.012994306906e-04 2.111177641656e-04
1.970000000000e-01 2.044228482156e-04 2.136077278770e-04
1.975000000000e-01 2.077105259197e-04 2.169420373822e-04
1.980000000000e-01 2.111692378606e-04 2.218958877724e-04
1.985000000000e-01 2.148060041990e-04 2.249137513229e-04
1.990000000000e-01 2.186282550428e-04 2.294176564854e-04
1.995000000000e-01 2.226439923739e-04 2.361872657894e-04
2.000000000000e-01 2.268619472318e-04 2.394720696780e-04
2.005000000000e-01 2.312917298228e-04 2.463234461953e-04
2.010000000000e-01 2.359439704152e-04 2.515061400089e-04
2.015000000000e-01 2.408304486772e-04 2.566122034353e-04
2.020000000000e-01 2.459642085277e-04 2.624829118143e-04
2.025000000000e-01 2.513596547045e-04 2.705571294479e-04
2.030000000000e-01 2.570326265546e-04 2.762229177526e-04
2.035000000000e-01 2.630004440949e-04 2.848669010861e-04
2.040000000000e-01 2.692819210960e-04 2.923886115914e-04
2.045000000000e-01 2.758973398013e-04 2.993514703335e-04
2.050000000000e-01 2.828683817405e-04 3.073989415463e-04
2.055000000000e-01 2.902180088749e-04 3.177610404405e-04
2.060000000000e-01 2.979702894228e-04 3.232795924641e-04
2.065000000000e-01 3.061501631858e-04 3.330931423511e-04
2.070000000000e-01 3.147831420445e-04 3.441129296188e-04
2.075000000000e-01 3.238949428859e-04 3.537993248681e-04
2.080000000000e-01 3.335110525645e-04 3.640188440942e-04
2.085000000000e-01 3.436562273876e-04 3.752861885486e-04
2.090000000000e-01 3.543539336366e-04 3.841641375797e-04
2.095000000000e-01 3.656257401118e-04 3.954405042217e-04
2.100000000000e-01 3.774906788654e-04 4.077764540398e-04
2.105000000000e-01 3.899645958125e-04 4.154015995607e-04
2.110000000000e-01 4.030595183936e-04 4.305424893015e-04
2.115000000000e-01 4.167830727470e-04 4.428293991643e-04
2.120000000000e-01 4.311379872916e-04 4.514436383825e-04
2.125000000000e-01 4.461217229719e-04 4.629061822316e-04
2.130000000000e-01 4.617262720458e-04 4.738625522515e-04
2.135000000000e-01 4.779381670681e-04 4.873647798903e-04
2.140000000000e-01 4.947387389986e-04 4.994581783807e-04
2.145000000000e-01 5.121046580732e-04 5.103525572405e-04
2.150000000000e-01 5.300087833176e-04 5.204644504994e-04
2.155000000000e-01 5.484213361309e-04 5.351617105439e-04
2.160000000000e-01 5.673114009366e-04 5.456333271542e-04
2.165000000000e-01 5.866487416058e-04 5.620223928962e-04
2.170000000000e-01 6.064059072947e-04 5.746684731378e-04
2.175000000000e-01 6.265605859743e-04 5.921787348661e-04
2.180000000000e-01 6.470981493649e-04 6.066465985145e-04
2.185000000000e-01 6.680143204178e-04 6.214415892236e-04
2.190000000000e-01 6.893178847209e-04 6.356267964650e-04
2.195000000000e-01 7.110333614139e-04 6.571305694713e-04
2.200000000000e-01 7.332035477361e-04 6.794839415128e-04
2.205000000000e-01 7.558918535642e-04 6.934049441762e-04
2.210000000000e-01 7.791843470285e-04 7.117774942101e-04
2.215000000000e-01 8.031914378179e-04 7.352417594819e-04
2.220000000000e-01 8.280491310074e-04 7.634059442181e-04
2.225000000000e-01 8.539197918846e-04 7.864358057080e-04
2.230000000000e-01 8.809923728830e-04 8.169230000290e-04
2.235000000000e-01 9.094820674591e-04 8.453888750777e-04
2.240000000000e-01 9.396293710291e-04 8.765823611700e-04
2.245000000000e-01 9.716985437233e-04 9.146784028664e-04
2.250000000000e-01 1.005975481641e-03 9.452365523274e-04
2.255000000000e-01 1.042765011293e-03 9.844532661413e-04
2.260000000000e-01 1.082387625060e-03 1.027499229211e-03
2.265000000000e-01 1.125175674570e-03 1.073954182216e-03
2.270000000000e-01 1.171469035169e-03 1.119186425072e-03
2.275000000000e-01 1.221610252816e-03 1.167358853353e-03
2.280000000000e-01 1.275939186884e-03 1.222517830895e-03
2.285000000000e-01 1.334787172901e-03 1.273279918061e-03
2.290000000000e-01 1.398470743416e-03 1.340544226664e-03
2.295000000000e-01 1.467284966367e-03 1.415905570304e-03
2.300000000000e-01 1.541496483435e-03 1.475639670083e-03
2.305000000000e-01 1.621336356882e-03 1.542531915311e-03
2.310000000000e-01 1.706992862422e-03 1.640582372787e-03
2.315000000000e-01 1.798604397438e-03 1.724191509309e-03
2.320000000000e-01 1.896252705622e-03 1.815455069805e-03
2.325000000000e-01 1.999956649322e-03 1.908575221891e-03
2.330000000000e-01 2.109666786074e-03 2.028076017740e-03
2.335000000000e-01 2.225261017816e-03 2.129719634194e-03
2.340000000000e-01 2.346541578569e-03 2.261050089617e-03
2.345000000000e-01 2.473233600927e-03 2.377707324759e-03
2.350000000000e-01 2.604985459716e-03 2.504785826884e-03
2.355000000000e-01 2.741371034869e-03 2.630779571019e-03
2.360000000000e-01 2.881893968593e-03 2.765873733870e-03
2.365000000000e-01 3.025993919321e-03 2.912529801049e-03
2.370000000000e-01 3.173054732042e-03 3.029161424820e-03
2.375000000000e-01 3.322414355713e-03 3.164578756610e-03
2.380000000000e-01 3.473376242098e-03 3.321727569780e-03
2.385000000000e-01 3.625221867251e-03 3.458511384645e-03
2.390000000000e-01 3.777223932014e-03 3.594354330860e-03
2.395000000000e-01 3.928659729287e-03 3.729098782077e-03
2.400000000000e-01 4.078824120137e-03 3.897077945679e-03
2.405000000000e-01 4.227041542569e-03 4.022216968505e-03
2.410000000000e-01 4.372676488731e-03 4.168409935524e-03
2.415000000000e-01 4.515141930965e-03 4.287843210485e-03
2.420000000000e-01 4.653905254584e-03 4.422739700115e-03
2.425000000000e-01 4.788491364839e-03 4.553784705163e-03
2.430000000000e-01 4.918482773467e-03 4.682167058918e-03
2.435000000000e-01 5.043516630610e-03 4.790756479270e-03
2.440000000000e-01 5.163278842399e-03 4.907927105991e-03
2.445000000000e-01 5.277495593512e-03 5.013219644364e-03
2.450000000000e-01 5.385922766567e-03 5.094069621290e-03
2.455000000000e-01 5.488333905785e-03 5.189645205391e-03
2.460000000000e-01 5.584507499921e-03 5.290054819410e-03
2.465000000000e-01 5.674214448599e-03 5.378859222601e-03
2.470000000000e-01 5.757206617406e-03 5.438945362320e-03
2.475000000000e-01 5.833207373020e-03 5.492713875231e-03
2.480000000000e-01 5.901904915713e-03 5.564116981436e-03
2.485000000000e-01 5.962949093420e-03 5.568490937993e-03
2.490000000000e-01 6.015952194026e-03 5.599208285410e-03
2.495000000000e-01 6.060493980077e-03 5.651387496316e-03
2.500000000000e-01 6.096130966864e-03 5.638451891164e-03
2.505000000000e-01 6.122409667649e-03 5.613409557966e-03
2.510000000000e-01 6.138883257288e-03 5.616472677974e-03
2.515000000000e-01 6.145130857762e-03 5.548640728250e-03
2.520000000000e-01 6.140778444276e-03 5.526512969107e-03
2.525000000000e-01 6.125520225604e-03 5.528607047957e-03
2.530000000000e-01 6.099139279333e-03 5.461796759118e-03
2.535000000000e-01 6.061526228865e-03 5.402615864959e-03
2.540000000000e-01 6.012694835863e-03 5.335475887922e-03
2.545000000000e-01 5.952793544276e-03 5.254223113975e-03
2.550000000000e-01 5.882112239620e-03 5.163381442613e-03
2.555000000000e-01 5.801083763530e-03 5.080271145755e-03
2.560000000000e-01 5.710280029616e-03 4.994370606409e-03
2.565000000000e-01 5.610402899229e-03 4.895240163971e-03
2.570000000000e-01 5.502270273241e-03 4.773920960760e-03
2.575000000000e-01 5.386798116816e-03 4.656596200149e-03
2.580000000000e-01 5.264979341602e-03 4.569217651848e-03
2.585000000000e-01 5.137860610978e-03 4.449439787528e-03
2.590000000000e-01 5.006518201695e-03 4.343901845651e-03
2.595000000000e-01 4.872034049048e-03 4.230976652969e-03
2.600000000000e-01 4.735473026498e-03 4.124571649759e-03
2.605000000000e-01 4.597862374914e-03 4.001461047540e-03
2.610000000000e-01 4.460174015482e-03 3.877534373900e-03
2.615000000000e-01 4.323310270001e-03 3.783033536071e-03
2.620000000000e-01 4.188093289668e-03 3.684577836851e-03
2.625000000000e-01 4.055258273213e-03 3.559100976755e-03
2.630000000000e-01 3.925450350317e-03 3.463975919958e-03
2.635000000000e-01 3.799224827737e-03 3.375064880331e-03
2.640000000000e-01 3.677050353732e-03 3.291043982808e-03
2.645000000000e-01 3.559314458210e-03 3.201310119670e-03
2.650000000000e-01 3.446330875101e-03 3.137228373197e-03
2.655000000000e-01 3.338348047185e-03 3.073058151078e-03
2.660000000000e-01 3.235558246098e-03 3.000223136386e-03
2.665000000000e-01 3.138106803036e-03 2.944919571011e-03
2.670000000000e-01 3.046101029002e-03 2.884828076187e-03
2.675000000000e-01 2.959618497601e-03 2.845526961263e-03
2.680000000000e-01 2.878714457884e-03 2.806448432439e-03
2.685000000000e-01 2.803428233800e-03 2.762986401002e-03
2.690000000000e-01 2.733788544179e-03 2.735357319303e-03
2.695000000000e-01 2.669817745157e-03 2.716065437454e-03
2.700000000000e-01 2.611535049957e-03 2.706541034128e-03
2.705000000000e-01 2.558958822142e-03 2.695708588221e-03
2.710000000000e-01 2.512108065539e-03 2.695783094028e-03
2.715000000000e-01 2.471003248101e-03 2.689556271173e-03
2.720000000000e-01 2.435666600279e-03 2.705325192483e-03
2.725000000000e-01 2.406122024133e-03 2.703444852169e-03
2.730000000000e-01 2.382394741725e-03 2.727709298171e-03
2.735000000000e-01 2.364510797526e-03 2.734977805346e-03
2.740000000000e-01 2.352496520596e-03 2.774846794221e-03
2.745000000000e-01 2.346378039638e-03 2.806074506418e-03
2.750000000000e-01 2.346180934034e-03 2.841041013165e-03
2.755000000000e-01 2.351930086708e-03 2.877057586134e-03
2.760000000000e-01 2.363649780068e-03 2.921665842853e-03
2.765000000000e-01 2.381364041125e-03 2.976554271182e-03
2.770000000000e-01 2.405097200407e-03 3.013237205467e-03
2.775000000000e-01 2.434874584870e-03 3.069736821881e-03
2.780000000000e-01 2.470723224630e-03 3.127498380409e-03
2.785000000000e-01 2.512672420783e-03 3.190127496467e-03
2.790000000000e-01 2.560753992692e-03 3.232812106371e-03
2.795000000000e-01 2.615002004920e-03 3.302270378172e-03
2.800000000000e-01 2.675451756851e-03 3.364802403850e-03
2.805000000000e-01 2.742137813683e-03 3.428638746820e-03
2.810000000000e-01 2.815090861691e-03 3.487191696721e-03
2.815000000000e-01 2.894333195104e-03 3.548631280998e-03
2.820000000000e-01 2.979872684885e-03 3.621795285395e-03
2.825000000000e-01 3.071695144455e-03 3.684716603918e-03
2.830000000000e-01 3.169755092122e-03 3.732054101495e-03
2.835000000000e-01 3.273965012380e-03 3.801158936372e-03
2.840000000000e-01 3.384183334275e-03 3.868352231627e-03
2.845000000000e-01 3.500201469524e-03 3.932629323014e-03
2.850000000000e-01 3.621730378921e-03 4.005539309174e-03
2.855000000000e-01 3.748387253731e-03 4.057664969031e-03
2.860000000000e-01 3.879682999975e-03 4.110727539417e-03
2.865000000000e-01 4.015011288026e-03 4.168375010927e-03
2.870000000000e-01 4.153639969871e-03 4.237841431801e-03
2.875000000000e-01 4.294705665404e-03 4.287128420395e-03
2.880000000000e-01 4.437212273205e-03 4.344409882126e-03
2.885000000000e-01 4.580034067845e-03 4.395924594362e-03
2.890000000000e-01 4.721923904492e-03 4.449999046745e-03
2.895000000000e-01 4.861526864383e-03 4.505152902013e-03
2.900000000000e-01 4.997399446563e-03 4.556739791750e-03
2.905000000000e-01 5.128034150653e-03 4.621439237932e-03
2.910000000000e-01 5.251889014503e-03 4.675087144567e-03
2.915000000000e-01 5.367421386063e-03 4.704302734303e-03
2.920000000000e-01 5.473124937512e-03 4.752866550904e-03
2.925000000000e-01 5.567568690576e-03 4.821223300909e-03
2.930000000000e-01 5.649436630444e-03 4.853779079124e-03
2.935000000000e-01 5.717566356203e-03 4.906199502582e-03
2.940000000000e-01 5.770985158928e-03 4.944786525907e-03
2.945000000000e-01 5.808941941469e-03 4.973600715606e-03
2.950000000000e-01 5.830933499740e-03 5.030905926063e-03
2.955000000000e-01 5.836723871873e-03 5.071885517129e-03
2.960000000000e-01 5.826355722182e-03 5.086554779289e-03
2.965000000000e-01 5.800153049813e-03 5.118860031726e-03
2.970000000000e-01 5.758714881207e-03 5.137940037684e-03
2.975000000000e-01 5.702900001419e-03 5.145519140945e-03
2.980000000000e-01 5.633803180317e-03 5.158423081129e-03
2.985000000000e-01 5.552723732772e-03 5.165638037255e-03
2.990000000000e-01 5.461127596160e-03 5.128957431277e-03
2.995000000000e-01 5.360604394517e-03 5.125308043697e-03
3.000000000000e-01 5.252821171361e-03 5.093127122826e-03
3.005000000000e-01 5.139474602274e-03 5.062573688185e-03
3.010000000000e-01 5.022243538313e-03 5.019614570948e-03
3.015000000000e-01 4.902743682098e-03 4.949699252584e-03
3.020000000000e-01 4.782486065528e-03 4.896016887013e-03
3.025000000000e-01 4.662840790722e-03 4.826275725975e-03
3.030000000000e-01 4.545007227696e-03 4.735721833294e-03
3.035000000000e-01 4.429991549008e-03 4.651386381565e-03
3.040000000000e-01 4.318592140372e-03 4.559831782758e-03
3.045000000000e-01 4.211393074577e-03 4.456726455494e-03
3.050000000000e-01 4.108765491551e-03 4.362482197039e-03
3.055000000000e-01 4.010876405608e-03 4.249718588826e-03
3.060000000000e-01 3.917704176613e-03 4.153040318775e-03
3.065000000000e-01 3.829059645795e-03 4.036888093309e-03
3.070000000000e-01 3.744611757904e-03 3.917776124643e-03
3.075000000000e-01 3.663916373335e-03 3.796388469221e-03
3.080000000000e-01 3.586446918940e-03 3.699530919570e-03
3.085000000000e-01 3.511625533026e-03 3.594009275839e-03
3.090000000000e-01 3.438853424947e-03 3.487728604195e-03
3.095000000000e-01 3.367539287350e-03 3.391519953562e-03
3.100000000000e-01 3.297124761071e-03 3.288025566284e-03
3.105000000000e-01 3.227106149831e-03 3.193524495625e-03
3.110000000000e-01 3.157051802518e-03 3.112027715158e-03
3.115000000000e-01 3.086614813451e-03 3.018558317101e-03
3.120000000000e-01 3.015540923138e-03 2.945083483788e-03
3.125000000000e-01 2.943671722786e-03 2.867992092016e-03
3.130000000000e-01 2.870943466224e-03 2.797915189183e-03
3.135000000000e-01 2.797381962895e-03 2.728117450297e-03
3.140000000000e-01 2.723094163274e-03 2.672702126211e-03
3.145000000000e-01 2.648257142953e-03 2.604724657333e-03
3.150000000000e-01 2.573105246574e-03 2.556567130213e-03
3.155000000000e-01 2.497916164010e-03 2.504472204001e-03
3.160000000000e-01 2.422996682431e-03 2.455704427752e-03
3.165000000000e-01 2.348668793765e-03 2.409990225454e-03
3.170000000000e-01 2.275256746459e-03 2.368604577737e-03
3.175000000000e-01 2.203075517630e-03 2.321418885743e-03
3.180000000000e-01 2.132421059031e-03 2.290397461500e-03
3.185000000000e-01 2.063562538262e-03 2.244689312799e-03
3.190000000000e-01 1.996736666159e-03 2.213470215335e-03
3.195000000000e-01 1.932144079744e-03 2.177354689340e-03
3.200000000000e-01 1.869947642053e-03 2.144876210900e-03
3.205000000000e-01 1.810272440077e-03 2.108640777121e-03
3.210000000000e-01 1.753207202099e-03 2.073236548756e-03
3.215000000000e-01 1.698806825368e-03 2.042423973604e-03
3.220000000000e-01 1.647095693634e-03 2.004341727124e-03
3.225000000000e-01 1.598071474505e-03 1.974480265170e-03
3.230000000000e-01 1.551709112687e-03 1.941752890767e-03
3.235000000000e-01 1.507964774068e-03 1.910094441870e-03
3.240000000000e-01 1.466779543383e-03 1.880286530966e-03
3.245000000000e-01 1.428082730727e-03 1.850645093974e-03
3.250000000000e-01 1.391794695223e-03 1.824331971099e-03
3.255000000000e-01 1.357829144345e-03 1.788858824862e-03
3.260000000000e-01 1.326094911958e-03 1.761903089397e-03
3.265000000000e-01 1.296497254245e-03 1.733054207932e-03
3.270000000000e-01 1.268938729897e-03 1.703384831263e-03
3.275000000000e-01 1.243319747989e-03 1.680696066673e-03
3.280000000000e-01 1.219538874749e-03 1.659010452931e-03
3.285000000000e-01 1.197492989652e-03 1.633613867902e-03
3.290000000000e-01 1.177077373813e-03 1.610973182840e-03
3.295000000000e-01 1.158185801059e-03 1.591002832483e-03
3.300000000000e-01 1.140710687297e-03 1.566809166998e-03
3.305000000000e-01 1.124543337907e-03 1.551424183427e-03
3.310000000000e-01 1.109574318268e-03 1.527650660846e-03
3.315000000000e-01 1.095693959056e-03 1.513461495484e-03
3.320000000000e-01 1.082792995631e-03 1.497160206896e-03
3.325000000000e-01 1.070763330104e-03 1.477711397191e-03
3.330000000000e-01 1.059498895417e-03 1.464511762083e-03
3.335000000000e-01 1.048896593738e-03 1.448433525257e-03
3.340000000000e-01 1.038857277668e-03 1.437114928956e-03
3.345000000000e-01 1.029286741295e-03 1.418766709725e-03
3.350000000000e-01 1.020096689111e-03 1.408835434841e-03
3.355000000000e-01 1.011205652758e-03 1.394131015254e-03
3.360000000000e-01 1.002539827248e-03 1.381270730816e-03
3.365000000000e-01 9.940337997092e-04 1.367676098514e-03
3.370000000000e-01 9.856311437747e-04 1.353847471410e-03
3.375000000000e-01 9.772848529803e-04 1.343062522955e-03
3.380000000000e-01 9.689575868738e-04 1.327097208993e-03
3.385000000000e-01 9.606217050333e-04 1.312429110987e-03
3.390000000000e-01 9.522590676811e-04 1.300117608387e-03
3.395000000000e-01 9.438605872701e-04 1.281631669827e-03
3.400000000000e-01 9.354255237322e-04 1.266936563466e-03
3.405000000000e-01 9.269605265751e-04 1.249524439856e-03
3.410000000000e-01 9.184784398269e-04 1.232985896838e-03
3.415000000000e-01 9.099968997401e-04 1.216736413070e-03
3.420000000000e-01 9.015367696493e-04 1.198175153795e-03
3.425000000000e-01 8.931204701923e-04 1.177743798755e-03
3.430000000000e-01 8.847702750010e-04 1.160450302360e-03
3.435000000000e-01 8.765066506193e-04 1.137308682159e-03
3.440000000000e-01 8.683467238771e-04 1.116013991075e-03
3.445000000000e-01 8.603029591079e-04 1.097539344802e-03
3.450000000000e-01 8.523821209719e-04 1.073052312700e-03
3.455000000000e-01 8.445845863152e-04 1.051514080758e-03
3.460000000000e-01 8.369040510899e-04 1.028688877408e-03
3.465000000000e-01 8.293276570176e-04 1.006746335045e-03
3.470000000000e-01 8.218365391767e-04 9.842156624648e-04
3.475000000000e-01 8.144067707925e-04 9.623729462424e-04
3.480000000000e-01 8.070106578682e-04 9.408549123590e-04
3.485000000000e-01 7.996183144300e-04 9.209316520004e-04
3.490000000000e-01 7.921994313912e-04 8.990312519849e-04
3.495000000000e-01 7.847251395632e-04 8.779058869896e-04
3.500000000000e-01 7.771698607912e-04 8.599245506523e-04
3.505000000000e-01 7.695130419305e-04 8.397604851958e-04
3.510000000000e-01 7.617406735882e-04 8.213870620469e-04
3.515000000000e-01 7.538465092946e-04 8.046070154389e-04
3.520000000000e-01 7.458329195833e-04 7.868396504673e-04
3.525000000000e-01 7.377113381974e-04 7.721756269978e-04
3.530000000000e-01 7.295022822659e-04 7.574470512312e-04
3.535000000000e-01 7.212349537579e-04 7.428930984506e-04
3.540000000000e-01 7.129464535955e-04 7.317220003654e-04
3.545000000000e-01 7.046806614670e-04 7.178227673676e-04
3.550000000000e-01 6.964868519475e-04 7.069645936736e-04
3.555000000000e-01 6.884181303502e-04 6.970373933264e-04
3.560000000000e-01 6.805297785600e-04 6.876183458689e-04
3.565000000000e-01 6.728776021828e-04 6.813696369325e-04
3.570000000000e-01 6.655163652776e-04 6.735536284879e-04
3.575000000000e-01 6.584983889425e-04 6.682669175822e-04
3.580000000000e-01 6.518723757563e-04 6.637017488553e-04
3.585000000000e-01 6.456825051923e-04 6.588903035103e-04
3.590000000000e-01 6.399678269225e-04 6.561611208598e-04
3.595000000000e-01 6.347619604873e-04 6.549182708597e-04
3.600000000000e-01 6.300930925721e-04 6.538765865397e-04
3.605000000000e-01 6.259842474238e-04 6.537763529457e-04
3.610000000000e-01 6.224537930409e-04 6.541750172230e-04
3.615000000000e-01 6.195161358941e-04 6.562341714757e-04
3.620000000000e-01 6.171825498382e-04 6.585996144461e-04
3.625000000000e-01 6.154620813196e-04 6.610275142378e-04
3.630000000000e-01 6.143624721767e-04 6.638321340183e-04
3.635000000000e-01 6.138910435211e-04 6.691108704743e-04
3.640000000000e-01 6.140554888070e-04 6.734028706431e-04
3.645000000000e-01 6.148645307660e-04 6.779639648337e-04
3.650000000000e-01 6.163284046286e-04 6.845854356378e-04
3.655000000000e-01 6.184591387530e-04 6.896215043506e-04
3.660000000000e-01 6.212706128321e-04 6.958926232369e-04
3.665000000000e-01 6.247783831284e-04 7.007201338966e-04
3.670000000000e-01 6.289992735540e-04 7.073700100398e-04
3.675000000000e-01 6.339507403377e-04 7.137355999615e-04
3.680000000000e-01 6.396500265529e-04 7.193558407707e-04
3.685000000000e-01 6.461131306456e-04 7.250710764843e-04
3.690000000000e-01 6.533536201317e-04 7.295242536694e-04
3.695000000000e-01 6.613813276070e-04 7.347341304612e-04
3.700000000000e-01 6.702009716362e-04 7.392669939356e-04
3.705000000000e-01 6.798107492190e-04 7.439581822508e-04
3.710000000000e-01 6.902009503699e-04 7.468279364052e-04
3.715000000000e-01 7.013526476233e-04 7.518056810406e-04
3.720000000000e-01 7.132365146894e-04 7.541989472735e-04
3.725000000000e-01 7.258118279360e-04 7.566421556803e-04
3.730000000000e-01 7.390257022263e-04 7.595319914781e-04
3.735000000000e-01 7.528126083762e-04 7.628267197731e-04
3.740000000000e-01 7.670942139020e-04 7.643024586290e-04
3.745000000000e-01 7.817795811127e-04 7.660315172302e-04
3.750000000000e-01 7.967657478585e-04 7.677910184386e-04
3.755000000000e-01 8.119387058075e-04 7.706724141254e-04
3.760000000000e-01 8.271747795143e-04 7.710565264873e-04
3.765000000000e-01 8.423423971214e-04 7.739967701204e-04
3.770000000000e-01 8.573042303247e-04 7.734834367488e-04
3.775000000000e-01 8.719196680702e-04 7.748522481295e-04
3.780000000000e-01 8.860475755477e-04 7.787828951324e-04
3.785000000000e-01 8.995492777870e-04 7.815920551106e-04
3.790000000000e-01 9.122916960459e-04 7.837992896555e-04
3.795000000000e-01 9.241505552293e-04 7.872064169459e-04
3.800000000000e-01 9.350135723827e-04 7.917033662928e-04
3.805000000000e-01 9.447835298661e-04 7.949115980020e-04
3.810000000000e-01 9.533811335692e-04 8.007465668765e-04
3.815000000000e-01 9.607475562718e-04 8.060167468061e-04
3.820000000000e-01 9.668465700941e-04 8.108467021877e-04
3.825000000000e-01 9.716661796417e-04 8.180050804665e-04
3.830000000000e-01 9.752196787528e-04 8.254497822350e-04
3.835000000000e-01 9.775460685820e-04 8.318044873239e-04
3.840000000000e-01 9.787097927517e-04 8.414275526369e-04
3.845000000000e-01 9.787997661686e-04 8.493876250451e-04
3.850000000000e-01 9.779276973593e-04 8.576394924632e-04
3.855000000000e-01 9.762257290942e-04 8.681808418527e-04
3.860000000000e-01 9.738434476306e-04 8.782776593271e-04
3.865000000000e-01 9.709443360155e-04 8.887562026493e-04
3.870000000000e-01 9.677017704276e-04 8.991929528701e-04
3.875000000000e-01 9.642946787529e-04 9.111322756790e-04
3.880000000000e-01 9.609029969053e-04 9.238170058081e-04
3.885000000000e-01 9.577030689214e-04 9.352638917961e-04
3.890000000000e-01 9.548631420105e-04 9.461949996907e-04
3.895000000000e-01 9.525391060091e-04 9.579177317892e-04
3.900000000000e-01 9.508706188251e-04 9.718790723624e-04
3.905000000000e-01 9.499777456851e-04 9.838987799526e-04
3.910000000000e-01 9.499582205476e-04 9.952816375123e-04
3.915000000000e-01 9.508854141666e-04 1.005514195255e-03
3.920000000000e-01 9.528070656351e-04 1.015839419595e-03
3.925000000000e-01 9.557448037748e-04 1.027835669497e-03
3.930000000000e-01 9.596944528678e-04 1.035957850244e-03
3.935000000000e-01 9.646270856384e-04 1.045120201912e-03
3.940000000000e-01 9.704907561285e-04 1.053681617677e-03
3.945000000000e-01 9.772128187736e-04 1.060594126792e-03
3.950000000000e-01 9.847027177285e-04 1.069206765299e-03
3.955000000000e-01 9.928551144822e-04 1.074733815641e-03
3.960000000000e-01 1.001553211978e-03 1.077554675360e-03
3.965000000000e-01 1.010672130996e-03 1.081521760359e-03
3.970000000000e-01 1.020082199071e-03 1.084726790647e-03
3.975000000000e-01 1.029652024216e-03 1.085056478844e-03
3.980000000000e-01 1.039251243972e-03 1.083179514574e-03
3.985000000000e-01 1.048752864436e-03 1.083117814452e-03
3.990000000000e-01 1.058035132118e-03 1.082410009282e-03
3.995000000000e-01 1.066982912122e-03 1.077219166395e-03
4.000000000000e-01 1.075488577877e-03 1.074246966756e-03
4.005000000000e-01 1.083452447787e-03 1.067674157557e-03
4.010000000000e-01 1.090782831972e-03 1.061273060962e-03
4.015000000000e-01 1.097395774717e-03 1.055871739169e-03
4.020000000000e-01 1.103214594861e-03 1.048462253037e-03
4.025000000000e-01 1.108169335089e-03 1.041097936049e-03
4.030000000000e-01 1.112196231666e-03 1.033898463161e-03
4.035000000000e-01 1.115237308331e-03 1.023678478274e-03
4.040000000000e-01 1.117240182254e-03 1.014962230128e-03
4.045000000000e-01 1.118158147907e-03 1.004170645999e-03
4.050000000000e-01 1.117950577084e-03 9.952193553139e-04
4.055000000000e-01 1.116583642819e-03 9.865085786882e-04
4.060000000000e-01 1.114031343253e-03 9.743105810292e-04
4.065000000000e-01 1.110276771139e-03 9.650418839627e-04
4.070000000000e-01 1.105313547794e-03 9.556187619689e-04
4.075000000000e-01 1.099147318980e-03 9.461976190355e-04
4.080000000000e-01 1.091797195888e-03 9.358650023221e-04
4.085000000000e-01 1.083297018205e-03 9.264796571009e-04
4.090000000000e-01 1.073696318392e-03 9.173667237381e-04
4.095000000000e-01 1.063060877050e-03 9.076759629142e-04
4.100000000000e-01 1.051472777756e-03 8.988675720392e-04
4.105000000000e-01 1.039029894627e-03 8.902555738160e-04
4.110000000000e-01 1.025844775868e-03 8.806812283162e-04
4.115000000000e-01 1.012042919050e-03 8.731073055379e-04
4.120000000000e-01 9.977604673407e-04 8.644631184776e-04
4.125000000000e-01 9.831413877312e-04 8.557411077731e-04
4.130000000000e-01 9.683342213873e-04 8.481527494947e-04
4.135000000000e-01 9.534885202103e-04 8.402884286906e-04
4.140000000000e-01 9.387511024233e-04 8.343025273484e-04
4.145000000000e-01 9.242622714926e-04 8.273694127217e-04
4.150000000000e-01 9.101521475855e-04 8.199582385666e-04
4.155000000000e-01 8.965372582776e-04 8.130567889080e-04
4.160000000000e-01 8.835175259262e-04 8.060445118609e-04
4.165000000000e-01 8.711737734993e-04 8.005781139025e-04
4.170000000000e-01 8.595658498713e-04 7.934802133846e-04
4.175000000000e-01 8.487314501976e-04 7.881064820241e-04
4.180000000000e-01 8.386856787478e-04 7.827612142105e-04
4.185000000000e-01 8.294213713420e-04 7.759960868965e-04
4.190000000000e-01 8.209101639880e-04 7.711905205253e-04
4.195000000000e-01 8.131042646123e-04 7.645529261988e-04
4.200000000000e-01 8.059388575073e-04 7.587656876072e-04
4.205000000000e-01 7.993350458373e-04 7.529871219573e-04
4.210000000000e-01 7.932032177317e-04 7.489644486407e-04
4.215000000000e-01 7.874467057648e-04 7.427755189733e-04
4.220000000000e-01 7.819655990716e-04 7.377182626714e-04
4.225000000000e-01 7.766605622847e-04 7.329998331704e-04
4.230000000000e-01 7.714365167623e-04 7.283350129261e-04
4.235000000000e-01 7.662060470968e-04 7.243293362468e-04
4.240000000000e-01 7.608924095200e-04 7.198373927588e-04
4.245000000000e-01 7.554320376186e-04 7.150987651990e-04
4.250000000000e-01 7.497764632927e-04 7.122692907468e-04
4.255000000000e-01 7.438935963206e-04 7.079922499471e-04
4.260000000000e-01 7.377683328362e-04 7.058599868709e-04
4.265000000000e-01 7.314024905055e-04 7.022201453476e-04
4.270000000000e-01 7.248140947833e-04 6.995638968976e-04
4.275000000000e-01 7.180360653712e-04 6.958018774917e-04
4.280000000000e-01 7.111143738730e-04 6.946737547935e-04
4.285000000000e-01 7.041057617661e-04 6.920916629050e-04
4.290000000000e-01 6.970751217539e-04 6.897476403543e-04
4.295000000000e-01 6.900926545639e-04 6.886355247632e-04
4.300000000000e-01 6.832309175037e-04 6.859334668832e-04
4.305000000000e-01 6.765618801351e-04 6.849895132277e-04
4.310000000000e-01 6.701540968320e-04 6.831633060386e-04
4.315000000000e-01 6.640700963136e-04 6.819968826988e-04
4.320000000000e-01 6.583640752763e-04 6.807953019311e-04
4.325000000000e-01 6.530799679772e-04 6.802735284485e-04
4.330000000000e-01 6.482499469496e-04 6.800026881970e-04
4.335000000000e-01 6.438933927212e-04 6.790348111924e-04
4.340000000000e-01 6.400163528385e-04 6.786168219712e-04
4.345000000000e-01 6.366114934956e-04 6.775274655760e-04
4.350000000000e-01 6.336585305484e-04 6.778148950112e-04
4.355000000000e-01 6.311251118559e-04 6.772692563871e-04
4.360000000000e-01 6.289681091302e-04 6.771815374404e-04
4.365000000000e-01 6.271352660603e-04 6.767443396908e-04
4.370000000000e-01 6.255671396256e-04 6.777412623187e-04
4.375000000000e-01 6.241992642266e-04 6.782693222288e-04
4.380000000000e-01 6.229644627616e-04 6.780997051016e-04
4.385000000000e-01 6.217952261031e-04 6.790282337266e-04
4.390000000000e-01 6.206260816718e-04 6.801552504792e-04
4.395000000000e-01 6.193958738134e-04 6.814144568323e-04
4.400000000000e-01 6.180498826883e-04 6.829654581953e-04
4.405000000000e-01 6.165417146997e-04 6.839643598837e-04
4.410000000000e-01 6.148349058814e-04 6.849657062939e-04
4.415000000000e-01 6.129041898393e-04 6.871434295542e-04
4.420000000000e-01 6.107363936461e-04 6.880455901083e-04
4.425000000000e-01 6.083309381629e-04 6.890287757280e-04
4.430000000000e-01 6.056999333472e-04 6.919098803764e-04
4.435000000000e-01 6.028678732699e-04 6.929834624953e-04
4.440000000000e-01 5.998709496467e-04 6.938083232742e-04
4.445000000000e-01 5.967560158051e-04 6.958636358212e-04
4.450000000000e-01 5.935792446006e-04 6.962440228926e-04
4.455000000000e-01 5.904045337896e-04 6.980951429611e-04
4.460000000000e-01 5.873017199502e-04 6.990508545643e-04
4.465000000000e-01 5.843446669048e-04 6.991099935490e-04
4.470000000000e-01 5.816092963450e-04 6.994544664930e-04
4.475000000000e-01 5.791716270652e-04 7.005118668818e-04
4.480000000000e-01 5.771058849973e-04 7.010528488929e-04
4.485000000000e-01 5.754827396219e-04 7.014340508716e-04
4.490000000000e-01 5.743677135778e-04 7.013499408000e-04
4.495000000000e-01 5.738198023693e-04 7.011597181604e-04
