# energy_au reference prediction
# {"density_npz": "/home/ubuntu/datasets/new_mol_all/4170/density_M4170.npz", "density_preprocessing": "maximum absolute amplitude; integer centre-of-mass alignment", "energy_max_au": 0.4495, "energy_min_au": 0.0, "input_shape": [1, 155, 147, 143], "model": "/home/ubuntu/projects/densitySpec/density_spec_npz_runs_900/exp_003/cnn_model_torchscript.pt", "model_output_bins": 900, "normalization": "unit sum within selected leading bins", "reference": "/home/ubuntu/datasets/new_mol_all/4170/tddft_spectrum_gamma_150meV_M4170.dat", "reference_column": 1, "reference_sigma_bins": 10.0, "selected_bins": 900}
0.000000000000e+00 1.977658720933e-05 1.657299424799e-05
5.000000000000e-04 1.978187903522e-05 1.653241441365e-05
1.000000000000e-03 1.979241442764e-05 1.654194046109e-05
1.500000000000e-03 1.980809830688e-05 1.659036377769e-05
2.000000000000e-03 1.982879157984e-05 1.652396702691e-05
2.500000000000e-03 1.985431517819e-05 1.656883603824e-05
3.000000000000e-03 1.988445513342e-05 1.664546824233e-05
3.500000000000e-03 1.991896845106e-05 1.665488515041e-05
4.000000000000e-03 1.995758951868e-05 1.663378123549e-05
4.500000000000e-03 2.000003677003e-05 1.673536997403e-05
5.000000000000e-03 2.004601933214e-05 1.670753397937e-05
5.500000000000e-03 2.009524340459e-05 1.685432460430e-05
6.000000000000e-03 2.014741815079e-05 1.687306201403e-05
6.500000000000e-03 2.020226092585e-05 1.685155246447e-05
7.000000000000e-03 2.025950171302e-05 1.693961701688e-05
7.500000000000e-03 2.031888669157e-05 1.698024778293e-05
8.000000000000e-03 2.038018090963e-05 1.704410704351e-05
8.500000000000e-03 2.044317007753e-05 1.707171748349e-05
9.000000000000e-03 2.050766153936e-05 1.716518261541e-05
9.500000000000e-03 2.057348450614e-05 1.719230556623e-05
1.000000000000e-02 2.064048965711e-05 1.721402611856e-05
1.050000000000e-02 2.070854822812e-05 1.733742635890e-05
1.100000000000e-02 2.077755070672e-05 1.737899390448e-05
1.150000000000e-02 2.084740525265e-05 1.751539082403e-05
1.200000000000e-02 2.091803595092e-05 1.749682621830e-05
1.250000000000e-02 2.098938099363e-05 1.751036313735e-05
1.300000000000e-02 2.106139086854e-05 1.762644012640e-05
1.350000000000e-02 2.113402661683e-05 1.770493861361e-05
1.400000000000e-02 2.120725820655e-05 1.779442379674e-05
1.450000000000e-02 2.128106305124e-05 1.778710418342e-05
1.500000000000e-02 2.135542469195e-05 1.787854841813e-05
1.550000000000e-02 2.143033164738e-05 1.794850675014e-05
1.600000000000e-02 2.150577643152e-05 1.795436935295e-05
1.650000000000e-02 2.158175472659e-05 1.807414434744e-05
1.700000000000e-02 2.165826470082e-05 1.816036262562e-05
1.750000000000e-02 2.173530645357e-05 1.817491635974e-05
1.800000000000e-02 2.181288157057e-05 1.833162957181e-05
1.850000000000e-02 2.189099277399e-05 1.837103979597e-05
1.900000000000e-02 2.196964365006e-05 1.843647248237e-05
1.950000000000e-02 2.204883844015e-05 1.849058923577e-05
2.000000000000e-02 2.212858188377e-05 1.851680451089e-05
2.050000000000e-02 2.220887855207e-05 1.858035272428e-05
2.100000000000e-02 2.228973349724e-05 1.863402382528e-05
2.150000000000e-02 2.237115267809e-05 1.883731226072e-05
2.200000000000e-02 2.245314213861e-05 1.886834603873e-05
2.250000000000e-02 2.253570800950e-05 1.889912152025e-05
2.300000000000e-02 2.261885650963e-05 1.902523023580e-05
2.350000000000e-02 2.270259394770e-05 1.905708801601e-05
2.400000000000e-02 2.278692672367e-05 1.911910827831e-05
2.450000000000e-02 2.287186133050e-05 1.915122617400e-05
2.500000000000e-02 2.295740435594e-05 1.925014463612e-05
2.550000000000e-02 2.304356248412e-05 1.930655877312e-05
2.600000000000e-02 2.313034249705e-05 1.942690674926e-05
2.650000000000e-02 2.321775127726e-05 1.952371882167e-05
2.700000000000e-02 2.330579580852e-05 1.953100933115e-05
2.750000000000e-02 2.339448317884e-05 1.967803642470e-05
2.800000000000e-02 2.348382058163e-05 1.975161636459e-05
2.850000000000e-02 2.357381531823e-05 1.984155629507e-05
2.900000000000e-02 2.366447479963e-05 1.986395533044e-05
2.950000000000e-02 2.375580654857e-05 1.992282328413e-05
3.000000000000e-02 2.384781820195e-05 2.005030169869e-05
3.050000000000e-02 2.394051751282e-05 2.013885737824e-05
3.100000000000e-02 2.403391235237e-05 2.022740032487e-05
3.150000000000e-02 2.412801071265e-05 2.033741098430e-05
3.200000000000e-02 2.422282070863e-05 2.036745705107e-05
3.250000000000e-02 2.431835058054e-05 2.046013637957e-05
3.300000000000e-02 2.441460869626e-05 2.050850512649e-05
3.350000000000e-02 2.451160355371e-05 2.064993882767e-05
3.400000000000e-02 2.460934378335e-05 2.069721799994e-05
3.450000000000e-02 2.470783815089e-05 2.079936698722e-05
3.500000000000e-02 2.480709555950e-05 2.093661519380e-05
3.550000000000e-02 2.490712505260e-05 2.099859361935e-05
3.600000000000e-02 2.500793581668e-05 2.101195409643e-05
3.650000000000e-02 2.510953718379e-05 2.109104557418e-05
3.700000000000e-02 2.521193863432e-05 2.123055296558e-05
3.750000000000e-02 2.531514980035e-05 2.135450072173e-05
3.800000000000e-02 2.541918046808e-05 2.142719481379e-05
3.850000000000e-02 2.552404058108e-05 2.152768306375e-05
3.900000000000e-02 2.562974024356e-05 2.160322205521e-05
3.950000000000e-02 2.573628972314e-05 2.166545877726e-05
4.000000000000e-02 2.584369945474e-05 2.181745171185e-05
4.050000000000e-02 2.595198004364e-05 2.190882864395e-05
4.100000000000e-02 2.606114226884e-05 2.194286011648e-05
4.150000000000e-02 2.617119708689e-05 2.205422956099e-05
4.200000000000e-02 2.628215563559e-05 2.224810290734e-05
4.250000000000e-02 2.639402923731e-05 2.225408556345e-05
4.300000000000e-02 2.650682940320e-05 2.241892965809e-05
4.350000000000e-02 2.662056783704e-05 2.245738309383e-05
4.400000000000e-02 2.673525643920e-05 2.253025544685e-05
4.450000000000e-02 2.685090731101e-05 2.271199613396e-05
4.500000000000e-02 2.696753275818e-05 2.290671531038e-05
4.550000000000e-02 2.708514529607e-05 2.292673328863e-05
4.600000000000e-02 2.720375765357e-05 2.299911087653e-05
4.650000000000e-02 2.732338277770e-05 2.316215962865e-05
4.700000000000e-02 2.744403383825e-05 2.322015810541e-05
4.750000000000e-02 2.756572423260e-05 2.333856703886e-05
4.800000000000e-02 2.768846759043e-05 2.339479200096e-05
4.850000000000e-02 2.781227777883e-05 2.347791435920e-05
4.900000000000e-02 2.793716890751e-05 2.365272469672e-05
4.950000000000e-02 2.806315533384e-05 2.373228001677e-05
5.000000000000e-02 2.819025166813e-05 2.381763609398e-05
5.050000000000e-02 2.831847277978e-05 2.396613656894e-05
5.100000000000e-02 2.844783380215e-05 2.409487554315e-05
5.150000000000e-02 2.857835013887e-05 2.416578702560e-05
5.200000000000e-02 2.871003746938e-05 2.435135122841e-05
5.250000000000e-02 2.884291175553e-05 2.443991054594e-05
5.300000000000e-02 2.897698924739e-05 2.455939632111e-05
5.350000000000e-02 2.911228648965e-05 2.462181312310e-05
5.400000000000e-02 2.924882032855e-05 2.473474326050e-05
5.450000000000e-02 2.938660791839e-05 2.485983334199e-05
5.500000000000e-02 2.952566672817e-05 2.507903975360e-05
5.550000000000e-02 2.966601454930e-05 2.518574712829e-05
5.600000000000e-02 2.980766950269e-05 2.533128810751e-05
5.650000000000e-02 2.995065004592e-05 2.540979023270e-05
5.700000000000e-02 3.009497498166e-05 2.560287777563e-05
5.750000000000e-02 3.024066346497e-05 2.573160947388e-05
5.800000000000e-02 3.038773501203e-05 2.579099038258e-05
5.850000000000e-02 3.053620950825e-05 2.588620538229e-05
5.900000000000e-02 3.068610721695e-05 2.603201011498e-05
5.950000000000e-02 3.083744878835e-05 2.622254743478e-05
6.000000000000e-02 3.099025526891e-05 2.630778709667e-05
6.050000000000e-02 3.114454811045e-05 2.639667565128e-05
6.100000000000e-02 3.130034917978e-05 2.662082789505e-05
6.150000000000e-02 3.145768076868e-05 2.667442441748e-05
6.200000000000e-02 3.161656560439e-05 2.685789314451e-05
6.250000000000e-02 3.177702685954e-05 2.696805114208e-05
6.300000000000e-02 3.193908816317e-05 2.711518737500e-05
6.350000000000e-02 3.210277361188e-05 2.730619399406e-05
6.400000000000e-02 3.226810778092e-05 2.745354122975e-05
6.450000000000e-02 3.243511573609e-05 2.756562917507e-05
6.500000000000e-02 3.260382304561e-05 2.779233527994e-05
6.550000000000e-02 3.277425579261e-05 2.787249996143e-05
6.600000000000e-02 3.294644058787e-05 2.800533529974e-05
6.650000000000e-02 3.312040458275e-05 2.809425113920e-05
6.700000000000e-02 3.329617548292e-05 2.826624931912e-05
6.750000000000e-02 3.347378156249e-05 2.846712941261e-05
6.800000000000e-02 3.365325167787e-05 2.860004478646e-05
6.850000000000e-02 3.383461528293e-05 2.872634813387e-05
6.900000000000e-02 3.401790244420e-05 2.890221712322e-05
6.950000000000e-02 3.420314385667e-05 2.897542053231e-05
7.000000000000e-02 3.439037086001e-05 2.914672385828e-05
7.050000000000e-02 3.457961545510e-05 2.936447144040e-05
7.100000000000e-02 3.477091032137e-05 2.944314091261e-05
7.150000000000e-02 3.496428883466e-05 2.954265418426e-05
7.200000000000e-02 3.515978508519e-05 2.976419254027e-05
7.250000000000e-02 3.535743389671e-05 2.988386749034e-05
7.300000000000e-02 3.555727084577e-05 3.012561481849e-05
7.350000000000e-02 3.575933228168e-05 3.017434008733e-05
7.400000000000e-02 3.596365534741e-05 3.035041644147e-05
7.450000000000e-02 3.617027800069e-05 3.046846339603e-05
7.500000000000e-02 3.637923903585e-05 3.060471115845e-05
7.550000000000e-02 3.659057810687e-05 3.084442485646e-05
7.600000000000e-02 3.680433575044e-05 3.099326912042e-05
7.650000000000e-02 3.702055341035e-05 3.107771388395e-05
7.700000000000e-02 3.723927346221e-05 3.119708324380e-05
7.750000000000e-02 3.746053923961e-05 3.142225230263e-05
7.800000000000e-02 3.768439506034e-05 3.144797645061e-05
7.850000000000e-02 3.791088625426e-05 3.169033132122e-05
7.900000000000e-02 3.814005919155e-05 3.185519724374e-05
7.950000000000e-02 3.837196131192e-05 3.202886707492e-05
8.000000000000e-02 3.860664115540e-05 3.219713814558e-05
8.050000000000e-02 3.884414839350e-05 3.235200326442e-05
8.100000000000e-02 3.908453386157e-05 3.247058682085e-05
8.150000000000e-02 3.932784959245e-05 3.266760156188e-05
8.200000000000e-02 3.957414885119e-05 3.286662810518e-05
8.250000000000e-02 3.982348617086e-05 3.303000609438e-05
8.300000000000e-02 4.007591738963e-05 3.308937427015e-05
8.350000000000e-02 4.033149968908e-05 3.345522760653e-05
8.400000000000e-02 4.059029163393e-05 3.364778582355e-05
8.450000000000e-02 4.085235321328e-05 3.381395414247e-05
8.500000000000e-02 4.111774588280e-05 3.412049023478e-05
8.550000000000e-02 4.138653260938e-05 3.432131393960e-05
8.600000000000e-02 4.165877791592e-05 3.454067314632e-05
8.650000000000e-02 4.193454792919e-05 3.483776868369e-05
8.700000000000e-02 4.221391042862e-05 3.516413539835e-05
8.750000000000e-02 4.249693489704e-05 3.540901502624e-05
8.800000000000e-02 4.278369257309e-05 3.569318118701e-05
8.850000000000e-02 4.307425650637e-05 3.595444990932e-05
8.900000000000e-02 4.336870161326e-05 3.626036754524e-05
8.950000000000e-02 4.366710473600e-05 3.651396377029e-05
9.000000000000e-02 4.396954470359e-05 3.693156007891e-05
9.050000000000e-02 4.427610239478e-05 3.734421965032e-05
9.100000000000e-02 4.458686080360e-05 3.760613229488e-05
9.150000000000e-02 4.490190510762e-05 3.784616249704e-05
9.200000000000e-02 4.522132273811e-05 3.836723747419e-05
9.250000000000e-02 4.554520345377e-05 3.879954576901e-05
9.300000000000e-02 4.587363941658e-05 3.900162093853e-05
9.350000000000e-02 4.620672527082e-05 3.953096867943e-05
9.400000000000e-02 4.654455822554e-05 3.988818909215e-05
9.450000000000e-02 4.688723813933e-05 4.036082801977e-05
9.500000000000e-02 4.723486760951e-05 4.088740362084e-05
9.550000000000e-02 4.758755206404e-05 4.128416522496e-05
9.600000000000e-02 4.794539985733e-05 4.162827436215e-05
9.650000000000e-02 4.830852236996e-05 4.210526795038e-05
9.700000000000e-02 4.867703411265e-05 4.252016487874e-05
9.750000000000e-02 4.905105283388e-05 4.302944552867e-05
9.800000000000e-02 4.943069963230e-05 4.367106129483e-05
9.850000000000e-02 4.981609907378e-05 4.421756574367e-05
9.900000000000e-02 5.020737931348e-05 4.455019341982e-05
9.950000000000e-02 5.060467222233e-05 4.509019316260e-05
1.000000000000e-01 5.100811351963e-05 4.571601282488e-05
1.005000000000e-01 5.141784291066e-05 4.612682430307e-05
1.010000000000e-01 5.183400423052e-05 4.666485226135e-05
1.015000000000e-01 5.225674559436e-05 4.747909739675e-05
1.020000000000e-01 5.268621955337e-05 4.788615084286e-05
1.025000000000e-01 5.312258325794e-05 4.826006957820e-05
1.030000000000e-01 5.356599862808e-05 4.871183014558e-05
1.035000000000e-01 5.401663253125e-05 4.928381863580e-05
1.040000000000e-01 5.447465696773e-05 4.998769477087e-05
1.045000000000e-01 5.494024926470e-05 5.046621994816e-05
1.050000000000e-01 5.541359227881e-05 5.102285980589e-05
1.055000000000e-01 5.589487460764e-05 5.155982547436e-05
1.060000000000e-01 5.638429081120e-05 5.204488446155e-05
1.065000000000e-01 5.688204164337e-05 5.279871732127e-05
1.070000000000e-01 5.738833429398e-05 5.304326589309e-05
1.075000000000e-01 5.790338264175e-05 5.366458173764e-05
1.080000000000e-01 5.842740751969e-05 5.409004335639e-05
1.085000000000e-01 5.896063699255e-05 5.446908800384e-05
1.090000000000e-01 5.950330664766e-05 5.491281591406e-05
1.095000000000e-01 6.005565989926e-05 5.529945302324e-05
1.100000000000e-01 6.061794830772e-05 5.579748868074e-05
1.105000000000e-01 6.119043191443e-05 5.644054508650e-05
1.110000000000e-01 6.177337959281e-05 5.666193428538e-05
1.115000000000e-01 6.236706941664e-05 5.706379633577e-05
1.120000000000e-01 6.297178904470e-05 5.777593795863e-05
1.125000000000e-01 6.358783613114e-05 5.799050594729e-05
1.130000000000e-01 6.421551874623e-05 5.862905489734e-05
1.135000000000e-01 6.485515582805e-05 5.886216930184e-05
1.140000000000e-01 6.550707765179e-05 5.942768218983e-05
1.145000000000e-01 6.617162632474e-05 5.996056240812e-05
1.150000000000e-01 6.684915630716e-05 6.025680665846e-05
1.155000000000e-01 6.754003496040e-05 6.067507963113e-05
1.160000000000e-01 6.824464312246e-05 6.127740886441e-05
1.165000000000e-01 6.896337571629e-05 6.164637994861e-05
1.170000000000e-01 6.969664238963e-05 6.221713516402e-05
1.175000000000e-01 7.044486819077e-05 6.281748169886e-05
1.180000000000e-01 7.120849427606e-05 6.355310283679e-05
1.185000000000e-01 7.198797866375e-05 6.403656838927e-05
1.190000000000e-01 7.278379702362e-05 6.458280362768e-05
1.195000000000e-01 7.359644351435e-05 6.518577678321e-05
1.200000000000e-01 7.442643166503e-05 6.580563743624e-05
1.205000000000e-01 7.527429530945e-05 6.661293403217e-05
1.210000000000e-01 7.614058957208e-05 6.734127921254e-05
1.215000000000e-01 7.702589191305e-05 6.793312742894e-05
1.220000000000e-01 7.793080323197e-05 6.888398594363e-05
1.225000000000e-01 7.885594903587e-05 6.984358288336e-05
1.230000000000e-01 7.980198068115e-05 7.010065701613e-05
1.235000000000e-01 8.076957668584e-05 7.097556908573e-05
1.240000000000e-01 8.175944412275e-05 7.209766726177e-05
1.245000000000e-01 8.277232009645e-05 7.250315637700e-05
1.250000000000e-01 8.380897331325e-05 7.326184230042e-05
1.255000000000e-01 8.487020574900e-05 7.445260368802e-05
1.260000000000e-01 8.595685441765e-05 7.541321198585e-05
1.265000000000e-01 8.706979325856e-05 7.668470012266e-05
1.270000000000e-01 8.820993514005e-05 7.753830091255e-05
1.275000000000e-01 8.937823399212e-05 7.842601139151e-05
1.280000000000e-01 9.057568708124e-05 8.013057179869e-05
1.285000000000e-01 9.180333743490e-05 8.079533966183e-05
1.290000000000e-01 9.306227642524e-05 8.192256738795e-05
1.295000000000e-01 9.435364653062e-05 8.310934155081e-05
1.300000000000e-01 9.567864428144e-05 8.448312237506e-05
1.305000000000e-01 9.703852341178e-05 8.562669190188e-05
1.310000000000e-01 9.843459822618e-05 8.770437068907e-05
1.315000000000e-01 9.986824720869e-05 8.902908245548e-05
1.320000000000e-01 1.013409168834e-04 9.049052401650e-05
1.325000000000e-01 1.028541259563e-04 9.171349606826e-05
1.330000000000e-01 1.044094697534e-04 9.397977495155e-05
1.335000000000e-01 1.060086249911e-04 9.548608006693e-05
1.340000000000e-01 1.076533548963e-04 9.700747551831e-05
1.345000000000e-01 1.093455147149e-04 9.918922232658e-05
1.350000000000e-01 1.110870576394e-04 1.015156006194e-04
1.355000000000e-01 1.128800411903e-04 1.038517723511e-04
1.360000000000e-01 1.147266340988e-04 1.051128194888e-04
1.365000000000e-01 1.166291237288e-04 1.081182774532e-04
1.370000000000e-01 1.185899240954e-04 1.098200366168e-04
1.375000000000e-01 1.206115845297e-04 1.128358628208e-04
1.380000000000e-01 1.226967990533e-04 1.148938237630e-04
1.385000000000e-01 1.248484165325e-04 1.167912989091e-04
1.390000000000e-01 1.270694516852e-04 1.198405726900e-04
1.395000000000e-01 1.293630970211e-04 1.225850566085e-04
1.400000000000e-01 1.317327358180e-04 1.252418143065e-04
1.405000000000e-01 1.341819562301e-04 1.283188167618e-04
1.410000000000e-01 1.367145666492e-04 1.306252225510e-04
1.415000000000e-01 1.393346124433e-04 1.338949214665e-04
1.420000000000e-01 1.420463942245e-04 1.366343049387e-04
1.425000000000e-01 1.448544878088e-04 1.386164649549e-04
1.430000000000e-01 1.477637660398e-04 1.420991893560e-04
1.435000000000e-01 1.507794227014e-04 1.442962520550e-04
1.440000000000e-01 1.539069987312e-04 1.477877367090e-04
1.445000000000e-01 1.571524110089e-04 1.518186172013e-04
1.450000000000e-01 1.605219840088e-04 1.551289741677e-04
1.455000000000e-01 1.640224846507e-04 1.580028755434e-04
1.460000000000e-01 1.676611607245e-04 1.612774202466e-04
1.465000000000e-01 1.714457833179e-04 1.635166398437e-04
1.470000000000e-01 1.753846937300e-04 1.674221701390e-04
1.475000000000e-01 1.794868554245e-04 1.714666130162e-04
1.480000000000e-01 1.837619116416e-04 1.744077151360e-04
1.485000000000e-01 1.882202493886e-04 1.785293559230e-04
1.490000000000e-01 1.928730706192e-04 1.827054790803e-04
1.495000000000e-01 1.977324715166e-04 1.871654373423e-04
1.500000000000e-01 2.028115309523e-04 1.909146218614e-04
1.505000000000e-01 2.081244093108e-04 1.957750051722e-04
1.510000000000e-01 2.136864590606e-04 2.009563891789e-04
1.515000000000e-01 2.195143486176e-04 2.065439316889e-04
1.520000000000e-01 2.256262013294e-04 2.108254980232e-04
1.525000000000e-01 2.320417515272e-04 2.171699001913e-04
1.530000000000e-01 2.387825199243e-04 2.234491097796e-04
1.535000000000e-01 2.458720109157e-04 2.306519294215e-04
1.540000000000e-01 2.533359344918e-04 2.377389594747e-04
1.545000000000e-01 2.612024558101e-04 2.441944364110e-04
1.550000000000e-01 2.695024756640e-04 2.533651406404e-04
1.555000000000e-01 2.782699451661e-04 2.620099386568e-04
1.560000000000e-01 2.875422181131e-04 2.698982408130e-04
1.565000000000e-01 2.973604441896e-04 2.792383584384e-04
1.570000000000e-01 3.077700061170e-04 2.911428145488e-04
1.575000000000e-01 3.188210031582e-04 2.986320449844e-04
1.580000000000e-01 3.305687830599e-04 3.122713513134e-04
1.585000000000e-01 3.430745238437e-04 3.241860519720e-04
1.590000000000e-01 3.564058666084e-04 3.371896433364e-04
1.595000000000e-01 3.706375999366e-04 3.520689183540e-04
1.600000000000e-01 3.858523957241e-04 3.681126667245e-04
1.605000000000e-01 4.021415935350e-04 3.846017910096e-04
1.610000000000e-01 4.196060257283e-04 4.032120315486e-04
1.615000000000e-01 4.383568677703e-04 4.207676365901e-04
1.620000000000e-01 4.585164889274e-04 4.393087264284e-04
1.625000000000e-01 4.802192694746e-04 4.650225716518e-04
1.630000000000e-01 5.036123439407e-04 4.877877914154e-04
1.635000000000e-01 5.288562254594e-04 5.135766081057e-04
1.640000000000e-01 5.561252631551e-04 5.431245046173e-04
1.645000000000e-01 5.856078800886e-04 5.751710231653e-04
1.650000000000e-01 6.175065322367e-04 6.100843272025e-04
1.655000000000e-01 6.520373173231e-04 6.448821472412e-04
1.660000000000e-01 6.894291484449e-04 6.840323868890e-04
1.665000000000e-01 7.299223945256e-04 7.290772581119e-04
1.670000000000e-01 7.737668834746e-04 7.767534066294e-04
1.675000000000e-01 8.212191662927e-04 8.302248844532e-04
1.680000000000e-01 8.725389521393e-04 8.824551421237e-04
1.685000000000e-01 9.279846415921e-04 9.451657472819e-04
1.690000000000e-01 9.878079081966e-04 1.010573113353e-03
1.695000000000e-01 1.052247305293e-03 1.079560250547e-03
1.700000000000e-01 1.121520907957e-03 1.149145995322e-03
1.705000000000e-01 1.195818039227e-03 1.237621639341e-03
1.710000000000e-01 1.275290175419e-03 1.320584668661e-03
1.715000000000e-01 1.360041176822e-03 1.418086923846e-03
1.720000000000e-01 1.450117045356e-03 1.506348130844e-03
1.725000000000e-01 1.545495467693e-03 1.610081981750e-03
1.730000000000e-01 1.646075457865e-03 1.721330441633e-03
1.735000000000e-01 1.751667464763e-03 1.836613158052e-03
1.740000000000e-01 1.861984352916e-03 1.955702655470e-03
1.745000000000e-01 1.976633696778e-03 2.083465676385e-03
1.750000000000e-01 2.095111845275e-03 2.216055509343e-03
1.755000000000e-01 2.216800211468e-03 2.338799400105e-03
1.760000000000e-01 2.340964219749e-03 2.477768326996e-03
1.765000000000e-01 2.466755296932e-03 2.610265959019e-03
1.770000000000e-01 2.593216224223e-03 2.741408516705e-03
1.775000000000e-01 2.719290073641e-03 2.873821398375e-03
1.780000000000e-01 2.843832837107e-03 3.014000113283e-03
1.785000000000e-01 2.965629721681e-03 3.143058836722e-03
1.790000000000e-01 3.083414935490e-03 3.260462989537e-03
1.795000000000e-01 3.195894630817e-03 3.381433642128e-03
1.800000000000e-01 3.301772512390e-03 3.494722746174e-03
1.805000000000e-01 3.399777467136e-03 3.588782833145e-03
1.810000000000e-01 3.488692436254e-03 3.666838607436e-03
1.815000000000e-01 3.567383639492e-03 3.765289181826e-03
1.820000000000e-01 3.634829183063e-03 3.830341131922e-03
1.825000000000e-01 3.690146043677e-03 3.860163011891e-03
1.830000000000e-01 3.732614426794e-03 3.906054397122e-03
1.835000000000e-01 3.761698550733e-03 3.918682665491e-03
1.840000000000e-01 3.777063009882e-03 3.922470354377e-03
1.845000000000e-01 3.778584017040e-03 3.921349042005e-03
1.850000000000e-01 3.766355011622e-03 3.888601179355e-03
1.855000000000e-01 3.740686338119e-03 3.845266740237e-03
1.860000000000e-01 3.702098937187e-03 3.816614135752e-03
1.865000000000e-01 3.651312237889e-03 3.735531563113e-03
1.870000000000e-01 3.589226680467e-03 3.672187192947e-03
1.875000000000e-01 3.516901521095e-03 3.600631584524e-03
1.880000000000e-01 3.435528761253e-03 3.491724585995e-03
1.885000000000e-01 3.346404192934e-03 3.385277210369e-03
1.890000000000e-01 3.250896647752e-03 3.299941054729e-03
1.895000000000e-01 3.150416577787e-03 3.192190293168e-03
1.900000000000e-01 3.046385077350e-03 3.086977152776e-03
1.905000000000e-01 2.940204381089e-03 2.972745317461e-03
1.910000000000e-01 2.833230753582e-03 2.872324064515e-03
1.915000000000e-01 2.726750526978e-03 2.775184093810e-03
1.920000000000e-01 2.621959857464e-03 2.668670594282e-03
1.925000000000e-01 2.519948568138e-03 2.566594613962e-03
1.930000000000e-01 2.421688237241e-03 2.470430436478e-03
1.935000000000e-01 2.328024488000e-03 2.382186924609e-03
1.940000000000e-01 2.239673251156e-03 2.310045514290e-03
1.945000000000e-01 2.157220613567e-03 2.230452592100e-03
1.950000000000e-01 2.081125742472e-03 2.151250126897e-03
1.955000000000e-01 2.011726290668e-03 2.090693438009e-03
1.960000000000e-01 1.949245644282e-03 2.032522331881e-03
1.965000000000e-01 1.893801371699e-03 1.974283704867e-03
1.970000000000e-01 1.845414267008e-03 1.927730498537e-03
1.975000000000e-01 1.804017448660e-03 1.878016616239e-03
1.980000000000e-01 1.769465067914e-03 1.839277439090e-03
1.985000000000e-01 1.741540294196e-03 1.803737354964e-03
1.990000000000e-01 1.719962367951e-03 1.773890329285e-03
1.995000000000e-01 1.704392637294e-03 1.744233991901e-03
2.000000000000e-01 1.694439615835e-03 1.728938881357e-03
2.005000000000e-01 1.689663207586e-03 1.711787179272e-03
2.010000000000e-01 1.689578335738e-03 1.691163972312e-03
2.015000000000e-01 1.693658279269e-03 1.678613352962e-03
2.020000000000e-01 1.701338060831e-03 1.676314266786e-03
2.025000000000e-01 1.712018237354e-03 1.665088220960e-03
2.030000000000e-01 1.725069420330e-03 1.669310837486e-03
2.035000000000e-01 1.739837797251e-03 1.664980303957e-03
2.040000000000e-01 1.755651845010e-03 1.665737119959e-03
2.045000000000e-01 1.771830327272e-03 1.668104541929e-03
2.050000000000e-01 1.787691559552e-03 1.663558640056e-03
2.055000000000e-01 1.802563815364e-03 1.667473105227e-03
2.060000000000e-01 1.815796642017e-03 1.668887784209e-03
2.065000000000e-01 1.826772759887e-03 1.678293210829e-03
2.070000000000e-01 1.834920139307e-03 1.670064743105e-03
2.075000000000e-01 1.839723788604e-03 1.670665911823e-03
2.080000000000e-01 1.840736752699e-03 1.669630630373e-03
2.085000000000e-01 1.837589819336e-03 1.661456528603e-03
2.090000000000e-01 1.829999464517e-03 1.656024007645e-03
2.095000000000e-01 1.817773636825e-03 1.643511339690e-03
2.100000000000e-01 1.800815077536e-03 1.627282229024e-03
2.105000000000e-01 1.779121990341e-03 1.615551289950e-03
2.110000000000e-01 1.752786002497e-03 1.597120998393e-03
2.115000000000e-01 1.721987489698e-03 1.575382416243e-03
2.120000000000e-01 1.686988461287e-03 1.551966754976e-03
2.125000000000e-01 1.648123313443e-03 1.525648976171e-03
2.130000000000e-01 1.605787849132e-03 1.493051289285e-03
2.135000000000e-01 1.560427030188e-03 1.460565361108e-03
2.140000000000e-01 1.512521965193e-03 1.422320483412e-03
2.145000000000e-01 1.462576646820e-03 1.390266805322e-03
2.150000000000e-01 1.411104933779e-03 1.357602761703e-03
2.155000000000e-01 1.358618229253e-03 1.319217487130e-03
2.160000000000e-01 1.305614243740e-03 1.285501747501e-03
2.165000000000e-01 1.252567150722e-03 1.240944249020e-03
2.170000000000e-01 1.199919355634e-03 1.205182742953e-03
2.175000000000e-01 1.148075007060e-03 1.165615270795e-03
2.180000000000e-01 1.097395290446e-03 1.126626033536e-03
2.185000000000e-01 1.048195463343e-03 1.084034906243e-03
2.190000000000e-01 1.000743521384e-03 1.046222627880e-03
2.195000000000e-01 9.552603279458e-04 1.008806045194e-03
2.200000000000e-01 9.119210001673e-04 9.734506539752e-04
2.205000000000e-01 8.708573182950e-04 9.347668905189e-04
2.210000000000e-01 8.321609149398e-04 8.994291362211e-04
2.215000000000e-01 7.958870033375e-04 8.688244796323e-04
2.220000000000e-01 7.620584176774e-04 8.361897144670e-04
2.225000000000e-01 7.306697617138e-04 8.036459278750e-04
2.230000000000e-01 7.016914914674e-04 7.723755502727e-04
2.235000000000e-01 6.750737914822e-04 7.475607514700e-04
2.240000000000e-01 6.507501391760e-04 7.197633921414e-04
2.245000000000e-01 6.286404864787e-04 6.902049018355e-04
2.250000000000e-01 6.086540207588e-04 6.664307395880e-04
2.255000000000e-01 5.906914964296e-04 6.442410480680e-04
2.260000000000e-01 5.746471540688e-04 6.249487592666e-04
2.265000000000e-01 5.604102646565e-04 6.046001178418e-04
2.270000000000e-01 5.478663519463e-04 5.853641740559e-04
2.275000000000e-01 5.368981562725e-04 5.677750996096e-04
2.280000000000e-01 5.273864084779e-04 5.503222892966e-04
2.285000000000e-01 5.192104832379e-04 5.384478101314e-04
2.290000000000e-01 5.122489983041e-04 5.242825684856e-04
2.295000000000e-01 5.063804207836e-04 5.106718712218e-04
2.300000000000e-01 5.014837338763e-04 4.991214923104e-04
2.305000000000e-01 4.974392071681e-04 4.886953361547e-04
2.310000000000e-01 4.941293002908e-04 4.805569447850e-04
2.315000000000e-01 4.914397125087e-04 4.711084444957e-04
2.320000000000e-01 4.892605723546e-04 4.634525655280e-04
2.325000000000e-01 4.874877434002e-04 4.549491248152e-04
2.330000000000e-01 4.860242078048e-04 4.500900366249e-04
2.335000000000e-01 4.847814789150e-04 4.446225037590e-04
2.340000000000e-01 4.836809880398e-04 4.371439835329e-04
2.345000000000e-01 4.826553878548e-04 4.352121003835e-04
2.350000000000e-01 4.816497150765e-04 4.324187729619e-04
2.355000000000e-01 4.806223583102e-04 4.310264457218e-04
2.360000000000e-01 4.795457823922e-04 4.287218589219e-04
2.365000000000e-01 4.784069684918e-04 4.279865506501e-04
2.370000000000e-01 4.772075388727e-04 4.286875164022e-04
2.375000000000e-01 4.759635465576e-04 4.304790317782e-04
2.380000000000e-01 4.747049226066e-04 4.312662321794e-04
2.385000000000e-01 4.734745870816e-04 4.337558320283e-04
2.390000000000e-01 4.723272424587e-04 4.376238474864e-04
2.395000000000e-01 4.713278798721e-04 4.408718058406e-04
2.400000000000e-01 4.705500380206e-04 4.441525060039e-04
2.405000000000e-01 4.700738612552e-04 4.478511080661e-04
2.410000000000e-01 4.699840072382e-04 4.532018763649e-04
2.415000000000e-01 4.703674555853e-04 4.570155549719e-04
2.420000000000e-01 4.713112675421e-04 4.637318458832e-04
2.425000000000e-01 4.729003436964e-04 4.682710538750e-04
2.430000000000e-01 4.752152227585e-04 4.740014816398e-04
2.435000000000e-01 4.783299601821e-04 4.809084608470e-04
2.440000000000e-01 4.823101212354e-04 4.884122723015e-04
2.445000000000e-01 4.872109193498e-04 4.956353191054e-04
2.450000000000e-01 4.930755274428e-04 5.017708721875e-04
2.455000000000e-01 4.999335877126e-04 5.103546394719e-04
2.460000000000e-01 5.077999442097e-04 5.177980604786e-04
2.465000000000e-01 5.166736223460e-04 5.272601813605e-04
2.470000000000e-01 5.265370799985e-04 5.354527931660e-04
2.475000000000e-01 5.373557554369e-04 5.441511131263e-04
2.480000000000e-01 5.490779373561e-04 5.549367015858e-04
2.485000000000e-01 5.616349810056e-04 5.625775047694e-04
2.490000000000e-01 5.749418913699e-04 5.724501642811e-04
2.495000000000e-01 5.888982890292e-04 5.821192133962e-04
2.500000000000e-01 6.033897666177e-04 5.926562551452e-04
2.505000000000e-01 6.182896336101e-04 6.027436427166e-04
2.510000000000e-01 6.334610348514e-04 6.129388308753e-04
2.515000000000e-01 6.487594142675e-04 6.224908825927e-04
2.520000000000e-01 6.640352804190e-04 6.337186164417e-04
2.525000000000e-01 6.791372158950e-04 6.437674705418e-04
2.530000000000e-01 6.939150590801e-04 6.543321609296e-04
2.535000000000e-01 7.082231756080e-04 6.627557407322e-04
2.540000000000e-01 7.219237286385e-04 6.723042999900e-04
2.545000000000e-01 7.348898530884e-04 6.829066507341e-04
2.550000000000e-01 7.470086390165e-04 6.896580990724e-04
2.555000000000e-01 7.581838338400e-04 6.995188260136e-04
2.560000000000e-01 7.683381818315e-04 7.067969372644e-04
2.565000000000e-01 7.774153310826e-04 7.144181826741e-04
2.570000000000e-01 7.853812534931e-04 7.216251059561e-04
2.575000000000e-01 7.922251406016e-04 7.267720019239e-04
2.580000000000e-01 7.979597571276e-04 7.309152814087e-04
2.585000000000e-01 8.026212533287e-04 7.381627172224e-04
2.590000000000e-01 8.062684559598e-04 7.416231044338e-04
2.595000000000e-01 8.089816731485e-04 7.429096101470e-04
2.600000000000e-01 8.108610612863e-04 7.474956170979e-04
2.605000000000e-01 8.120246097538e-04 7.528502562062e-04
2.610000000000e-01 8.126058037212e-04 7.529416422332e-04
2.615000000000e-01 8.127510259214e-04 7.564563953995e-04
2.620000000000e-01 8.126167573436e-04 7.583894135984e-04
2.625000000000e-01 8.123666337341e-04 7.604980443091e-04
2.630000000000e-01 8.121684110409e-04 7.621104547136e-04
2.635000000000e-01 8.121908876849e-04 7.629611014648e-04
2.640000000000e-01 8.126008260022e-04 7.617316974665e-04
2.645000000000e-01 8.135599096914e-04 7.617835022844e-04
2.650000000000e-01 8.152217696365e-04 7.653212474766e-04
2.655000000000e-01 8.177291074366e-04 7.686567792561e-04
2.660000000000e-01 8.212109449944e-04 7.690122534391e-04
2.665000000000e-01 8.257800292694e-04 7.719548835099e-04
2.670000000000e-01 8.315304240438e-04 7.769110329742e-04
2.675000000000e-01 8.385353245135e-04 7.812502976520e-04
2.680000000000e-01 8.468451352021e-04 7.845676104338e-04
2.685000000000e-01 8.564858567771e-04 7.922809403625e-04
2.690000000000e-01 8.674578317639e-04 7.986248186616e-04
2.695000000000e-01 8.797349023273e-04 8.067876863526e-04
2.700000000000e-01 8.932640343723e-04 8.131061279041e-04
2.705000000000e-01 9.079654602445e-04 8.255491212898e-04
2.710000000000e-01 9.237333865315e-04 8.370176602305e-04
2.715000000000e-01 9.404373038720e-04 8.490928976169e-04
2.720000000000e-01 9.579239218318e-04 8.632796178894e-04
2.725000000000e-01 9.760197346342e-04 8.784391045848e-04
2.730000000000e-01 9.945342023640e-04 8.912899008403e-04
2.735000000000e-01 1.013263508358e-03 9.107805031411e-04
2.740000000000e-01 1.031994827426e-03 9.254822447940e-04
2.745000000000e-01 1.050511012658e-03 9.465457927056e-04
2.750000000000e-01 1.068595582380e-03 9.605471797869e-04
2.755000000000e-01 1.086037865343e-03 9.829094570204e-04
2.760000000000e-01 1.102638142689e-03 1.000918557945e-03
2.765000000000e-01 1.118212612338e-03 1.017734401829e-03
2.770000000000e-01 1.132597995577e-03 1.036472262664e-03
2.775000000000e-01 1.145655608272e-03 1.056552974227e-03
2.780000000000e-01 1.157274730191e-03 1.072398263579e-03
2.785000000000e-01 1.167375125574e-03 1.087000120886e-03
2.790000000000e-01 1.175908596544e-03 1.102880800496e-03
2.795000000000e-01 1.182859487345e-03 1.118515610947e-03
2.800000000000e-01 1.188244100255e-03 1.130909535275e-03
2.805000000000e-01 1.192109031560e-03 1.142782268210e-03
2.810000000000e-01 1.194528485192e-03 1.150283140178e-03
2.815000000000e-01 1.195600669516e-03 1.162042135345e-03
2.820000000000e-01 1.195443426586e-03 1.168186768822e-03
2.825000000000e-01 1.194189279950e-03 1.171542091206e-03
2.830000000000e-01 1.191980114298e-03 1.176206969537e-03
2.835000000000e-01 1.188961716152e-03 1.176891491625e-03
2.840000000000e-01 1.185278408470e-03 1.179861595712e-03
2.845000000000e-01 1.181068003482e-03 1.177159945355e-03
2.850000000000e-01 1.176457278021e-03 1.176722572994e-03
2.855000000000e-01 1.171558145225e-03 1.170183058748e-03
2.860000000000e-01 1.166464657631e-03 1.161961110281e-03
2.865000000000e-01 1.161250931715e-03 1.154881894607e-03
2.870000000000e-01 1.155970035605e-03 1.145748647007e-03
2.875000000000e-01 1.150653833156e-03 1.139585736324e-03
2.880000000000e-01 1.145313731902e-03 1.125665723552e-03
2.885000000000e-01 1.139942242143e-03 1.116014544189e-03
2.890000000000e-01 1.134515221981e-03 1.105387222359e-03
2.895000000000e-01 1.128994659698e-03 1.090208294305e-03
2.900000000000e-01 1.123331831498e-03 1.079319038002e-03
2.905000000000e-01 1.117470669270e-03 1.062085612361e-03
2.910000000000e-01 1.111351179089e-03 1.047245220061e-03
2.915000000000e-01 1.104912765519e-03 1.029690720965e-03
2.920000000000e-01 1.098097337452e-03 1.017558498279e-03
2.925000000000e-01 1.090852096337e-03 1.000459415919e-03
2.930000000000e-01 1.083131934793e-03 9.857609338949e-04
2.935000000000e-01 1.074901401007e-03 9.687229113709e-04
2.940000000000e-01 1.066136210092e-03 9.535575457018e-04
2.945000000000e-01 1.056824306487e-03 9.390993449005e-04
2.950000000000e-01 1.046966500153e-03 9.224838517844e-04
2.955000000000e-01 1.036576713553e-03 9.080055693402e-04
2.960000000000e-01 1.025681885704e-03 8.934735612254e-04
2.965000000000e-01 1.014321584087e-03 8.800949379042e-04
2.970000000000e-01 1.002547375881e-03 8.710067430336e-04
2.975000000000e-01 9.904220065218e-04 8.568718275790e-04
2.980000000000e-01 9.780184278356e-04 8.471828132363e-04
2.985000000000e-01 9.654187101344e-04 8.380309391851e-04
2.990000000000e-01 9.527128646605e-04 8.262342836620e-04
2.995000000000e-01 9.399975954126e-04 8.175382920082e-04
3.000000000000e-01 9.273749946821e-04 8.100920770337e-04
3.005000000000e-01 9.149511936597e-04 8.047544927700e-04
3.010000000000e-01 9.028349797107e-04 7.968035591710e-04
3.015000000000e-01 8.911363926553e-04 7.921162708908e-04
3.020000000000e-01 8.799653137833e-04 7.881019213741e-04
3.025000000000e-01 8.694300622721e-04 7.840746497567e-04
3.030000000000e-01 8.596360147344e-04 7.806690941616e-04
3.035000000000e-01 8.506842648117e-04 7.781779809135e-04
3.040000000000e-01 8.426703413626e-04 7.798165847653e-04
3.045000000000e-01 8.356830046192e-04 7.782002162398e-04
3.050000000000e-01 8.298031395679e-04 7.789913165542e-04
3.055000000000e-01 8.251027635318e-04 7.799537802212e-04
3.060000000000e-01 8.216441614949e-04 7.808694449291e-04
3.065000000000e-01 8.194791575274e-04 7.817838290685e-04
3.070000000000e-01 8.186485254324e-04 7.858361299799e-04
3.075000000000e-01 8.191815365443e-04 7.899409924088e-04
3.080000000000e-01 8.210956384574e-04 7.954222331788e-04
3.085000000000e-01 8.243962555523e-04 7.986441436049e-04
3.090000000000e-01 8.290767005749e-04 8.052044961936e-04
3.095000000000e-01 8.351181865963e-04 8.121051889735e-04
3.100000000000e-01 8.424899297734e-04 8.203941926648e-04
3.105000000000e-01 8.511493365073e-04 8.281677675221e-04
3.110000000000e-01 8.610422725768e-04 8.358786527290e-04
3.115000000000e-01 8.721034171536e-04 8.452357087836e-04
3.120000000000e-01 8.842567097553e-04 8.579167132933e-04
3.125000000000e-01 8.974159028180e-04 8.666593292833e-04
3.130000000000e-01 9.114852357963e-04 8.793536633472e-04
3.135000000000e-01 9.263602485213e-04 8.903377981369e-04
3.140000000000e-01 9.419287514069e-04 9.027349820938e-04
3.145000000000e-01 9.580719677511e-04 9.151986391990e-04
3.150000000000e-01 9.746658590355e-04 9.282849436490e-04
3.155000000000e-01 9.915826372974e-04 9.428444257796e-04
3.160000000000e-01 1.008692459701e-03 9.581608403278e-04
3.165000000000e-01 1.025865290328e-03 9.709208908405e-04
3.170000000000e-01 1.042972902730e-03 9.846879338805e-04
3.175000000000e-01 1.059890986081e-03 1.001802383063e-03
3.180000000000e-01 1.076501308122e-03 1.014819944266e-03
3.185000000000e-01 1.092693880733e-03 1.030173029640e-03
3.190000000000e-01 1.108369068728e-03 1.043737742852e-03
3.195000000000e-01 1.123439579100e-03 1.058062764526e-03
3.200000000000e-01 1.137832266900e-03 1.072657753330e-03
3.205000000000e-01 1.151489694707e-03 1.086928874710e-03
3.210000000000e-01 1.164371386234e-03 1.098571338140e-03
3.215000000000e-01 1.176454720428e-03 1.114665639864e-03
3.220000000000e-01 1.187735421273e-03 1.125784816426e-03
3.225000000000e-01 1.198227608884e-03 1.140087486358e-03
3.230000000000e-01 1.207963389618e-03 1.154939985852e-03
3.235000000000e-01 1.216991976118e-03 1.166373250950e-03
3.240000000000e-01 1.225378342132e-03 1.179095000822e-03
3.245000000000e-01 1.233201431913e-03 1.194739240915e-03
3.250000000000e-01 1.240551959035e-03 1.206800683086e-03
3.255000000000e-01 1.247529844861e-03 1.218251643313e-03
3.260000000000e-01 1.254241361546e-03 1.231759895094e-03
3.265000000000e-01 1.260796058248e-03 1.244766978918e-03
3.270000000000e-01 1.267303561004e-03 1.259786301567e-03
3.275000000000e-01 1.273870345958e-03 1.274356261076e-03
3.280000000000e-01 1.280596591301e-03 1.286240751959e-03
3.285000000000e-01 1.287573215168e-03 1.300727590930e-03
3.290000000000e-01 1.294879203866e-03 1.317565553724e-03
3.295000000000e-01 1.302579327234e-03 1.330711171780e-03
3.300000000000e-01 1.310722325311e-03 1.344664246503e-03
3.305000000000e-01 1.319339632547e-03 1.361237830104e-03
3.310000000000e-01 1.328444683828e-03 1.377793020084e-03
3.315000000000e-01 1.338032820828e-03 1.390775191029e-03
3.320000000000e-01 1.348081789855e-03 1.405174485678e-03
3.325000000000e-01 1.358552794938e-03 1.420451319017e-03
3.330000000000e-01 1.369392043805e-03 1.435552248806e-03
3.335000000000e-01 1.380532701886e-03 1.448699496676e-03
3.340000000000e-01 1.391897151285e-03 1.462113219217e-03
3.345000000000e-01 1.403399439548e-03 1.475088055997e-03
3.350000000000e-01 1.414947797519e-03 1.489905747310e-03
3.355000000000e-01 1.426447107604e-03 1.498325136161e-03
3.360000000000e-01 1.437801213139e-03 1.511016268803e-03
3.365000000000e-01 1.448914975756e-03 1.522187832260e-03
3.370000000000e-01 1.459696009261e-03 1.529781254408e-03
3.375000000000e-01 1.470056044597e-03 1.538609610282e-03
3.380000000000e-01 1.479911908251e-03 1.544326184623e-03
3.385000000000e-01 1.489186124975e-03 1.550470818101e-03
3.390000000000e-01 1.497807182166e-03 1.554891573503e-03
3.395000000000e-01 1.505709515930e-03 1.556326043089e-03
3.400000000000e-01 1.512833295937e-03 1.556694846827e-03
3.405000000000e-01 1.519124096257e-03 1.555125684714e-03
3.410000000000e-01 1.524532541841e-03 1.554953273623e-03
3.415000000000e-01 1.529014016085e-03 1.554384235534e-03
3.420000000000e-01 1.532528503743e-03 1.550192818314e-03
3.425000000000e-01 1.535040627906e-03 1.547206066836e-03
3.430000000000e-01 1.536519919193e-03 1.540407994162e-03
3.435000000000e-01 1.536941332876e-03 1.533946128935e-03
3.440000000000e-01 1.536286005271e-03 1.526657714928e-03
3.445000000000e-01 1.534542218131e-03 1.519822622182e-03
3.450000000000e-01 1.531706519869e-03 1.512233623816e-03
3.455000000000e-01 1.527784937348e-03 1.500566363922e-03
3.460000000000e-01 1.522794202369e-03 1.492656757762e-03
3.465000000000e-01 1.516762912760e-03 1.482052951827e-03
3.470000000000e-01 1.509732549412e-03 1.470800945383e-03
3.475000000000e-01 1.501758276656e-03 1.460676770570e-03
3.480000000000e-01 1.492909463719e-03 1.448415676124e-03
3.485000000000e-01 1.483269878837e-03 1.439932724507e-03
3.490000000000e-01 1.472937524118e-03 1.428469773502e-03
3.495000000000e-01 1.462024097170e-03 1.418928373787e-03
3.500000000000e-01 1.450654083666e-03 1.407287423755e-03
3.505000000000e-01 1.438963502345e-03 1.395419231018e-03
3.510000000000e-01 1.427098338695e-03 1.386780050040e-03
3.515000000000e-01 1.415212715247e-03 1.379957530149e-03
3.520000000000e-01 1.403466854623e-03 1.369038122277e-03
3.525000000000e-01 1.392024896318e-03 1.362625617147e-03
3.530000000000e-01 1.381052630408e-03 1.354523576461e-03
3.535000000000e-01 1.370715211192e-03 1.348765441850e-03
3.540000000000e-01 1.361174911861e-03 1.345160641432e-03
3.545000000000e-01 1.352588977347e-03 1.339958855641e-03
3.550000000000e-01 1.345107627319e-03 1.338436143241e-03
3.555000000000e-01 1.338872254339e-03 1.337533226011e-03
3.560000000000e-01 1.334013854507e-03 1.338247434006e-03
3.565000000000e-01 1.330651719552e-03 1.339777946232e-03
3.570000000000e-01 1.328892410049e-03 1.340452689433e-03
3.575000000000e-01 1.328829020249e-03 1.347421892629e-03
3.580000000000e-01 1.330540735006e-03 1.353627527734e-03
3.585000000000e-01 1.334092669513e-03 1.361996043090e-03
3.590000000000e-01 1.339535972557e-03 1.371584940257e-03
3.595000000000e-01 1.346908164941e-03 1.382743232367e-03
3.600000000000e-01 1.356233676193e-03 1.395366378462e-03
3.605000000000e-01 1.367524535134e-03 1.408844013014e-03
3.610000000000e-01 1.380781163475e-03 1.427196655551e-03
3.615000000000e-01 1.395993216481e-03 1.445326479164e-03
3.620000000000e-01 1.413140411812e-03 1.464213468025e-03
3.625000000000e-01 1.432193287521e-03 1.488047060293e-03
3.630000000000e-01 1.453113834062e-03 1.509355953494e-03
3.635000000000e-01 1.475855952610e-03 1.534191299601e-03
3.640000000000e-01 1.500365703538e-03 1.560977417243e-03
3.645000000000e-01 1.526581323575e-03 1.589704527534e-03
3.650000000000e-01 1.554433006320e-03 1.618717553853e-03
3.655000000000e-01 1.583842458656e-03 1.651012793734e-03
3.660000000000e-01 1.614722262564e-03 1.682414429611e-03
3.665000000000e-01 1.646975088595e-03 1.712457731521e-03
3.670000000000e-01 1.680492821434e-03 1.746163808679e-03
3.675000000000e-01 1.715155670559e-03 1.780396781580e-03
3.680000000000e-01 1.750831347490e-03 1.814862817953e-03
3.685000000000e-01 1.787374396659e-03 1.851179275855e-03
3.690000000000e-01 1.824625766671e-03 1.886797125416e-03
3.695000000000e-01 1.862412704662e-03 1.918823096660e-03
3.700000000000e-01 1.900549046746e-03 1.954437686591e-03
3.705000000000e-01 1.938835964039e-03 1.989253085343e-03
3.710000000000e-01 1.977063206471e-03 2.022796297467e-03
3.715000000000e-01 2.015010866367e-03 2.052658689968e-03
3.720000000000e-01 2.052451661363e-03 2.082171836506e-03
3.725000000000e-01 2.089153712822e-03 2.111356691839e-03
3.730000000000e-01 2.124883772310e-03 2.139532924830e-03
3.735000000000e-01 2.159410826681e-03 2.168085412139e-03
3.740000000000e-01 2.192509992038e-03 2.190875573885e-03
3.745000000000e-01 2.223966589639e-03 2.213227781194e-03
3.750000000000e-01 2.253580283042e-03 2.232676357563e-03
3.755000000000e-01 2.281169146666e-03 2.250560312018e-03
3.760000000000e-01 2.306573531360e-03 2.266132956688e-03
3.765000000000e-01 2.329659593960e-03 2.284487927532e-03
3.770000000000e-01 2.350322364898e-03 2.293630022696e-03
3.775000000000e-01 2.368488240584e-03 2.301421467305e-03
3.780000000000e-01 2.384116804830e-03 2.309850169382e-03
3.785000000000e-01 2.397201906086e-03 2.315153352918e-03
3.790000000000e-01 2.407771942467e-03 2.319237435212e-03
3.795000000000e-01 2.415889335149e-03 2.322915228036e-03
3.800000000000e-01 2.421649200939e-03 2.321215797178e-03
3.805000000000e-01 2.425177265584e-03 2.322133848401e-03
3.810000000000e-01 2.426627089561e-03 2.323303123885e-03
3.815000000000e-01 2.426176705851e-03 2.319751990931e-03
3.820000000000e-01 2.424024792082e-03 2.319744773181e-03
3.825000000000e-01 2.420386517640e-03 2.316769430405e-03
3.830000000000e-01 2.415489217254e-03 2.316933110347e-03
3.835000000000e-01 2.409568047102e-03 2.312113748885e-03
3.840000000000e-01 2.402861775640e-03 2.312474636380e-03
3.845000000000e-01 2.395608850359e-03 2.312492797170e-03
3.850000000000e-01 2.388043862336e-03 2.309238988946e-03
3.855000000000e-01 2.380394504521e-03 2.308884853539e-03
3.860000000000e-01 2.372879088919e-03 2.311837146082e-03
3.865000000000e-01 2.365704654347e-03 2.315843462941e-03
3.870000000000e-01 2.359065663077e-03 2.316320998588e-03
3.875000000000e-01 2.353143253107e-03 2.320446990398e-03
3.880000000000e-01 2.348104984862e-03 2.325822351434e-03
3.885000000000e-01 2.344104997861e-03 2.332945804930e-03
3.890000000000e-01 2.341284475450e-03 2.342137027360e-03
3.895000000000e-01 2.339772304368e-03 2.350270034521e-03
3.900000000000e-01 2.339685811529e-03 2.361535545142e-03
3.905000000000e-01 2.341131462768e-03 2.373129579799e-03
3.910000000000e-01 2.344205417454e-03 2.382871213866e-03
3.915000000000e-01 2.348993848654e-03 2.402159835585e-03
3.920000000000e-01 2.355572960248e-03 2.414523142684e-03
3.925000000000e-01 2.364008658143e-03 2.429268540082e-03
3.930000000000e-01 2.374355860958e-03 2.447605117305e-03
3.935000000000e-01 2.386657464078e-03 2.465175216054e-03
3.940000000000e-01 2.400942998196e-03 2.485158371578e-03
3.945000000000e-01 2.417227049070e-03 2.505934781100e-03
3.950000000000e-01 2.435507527898e-03 2.527534014112e-03
3.955000000000e-01 2.455763901022e-03 2.549873415735e-03
3.960000000000e-01 2.477955502429e-03 2.571207687475e-03
3.965000000000e-01 2.502020061196e-03 2.595359908478e-03
3.970000000000e-01 2.527872578147e-03 2.617911418816e-03
3.975000000000e-01 2.555404680927e-03 2.643144439660e-03
3.980000000000e-01 2.584484574041e-03 2.671090868807e-03
3.985000000000e-01 2.614957680494e-03 2.697811677454e-03
3.990000000000e-01 2.646648044220e-03 2.724801871154e-03
3.995000000000e-01 2.679360528568e-03 2.753584162306e-03
4.000000000000e-01 2.712883806844e-03 2.786122011717e-03
4.005000000000e-01 2.746994098826e-03 2.814234681943e-03
4.010000000000e-01 2.781459565197e-03 2.848451705944e-03
4.015000000000e-01 2.816045232775e-03 2.876962283738e-03
4.020000000000e-01 2.850518288210e-03 2.909341109820e-03
4.025000000000e-01 2.884653549170e-03 2.940365560056e-03
4.030000000000e-01 2.918238899538e-03 2.971684308225e-03
4.035000000000e-01 2.951080461430e-03 3.005341141701e-03
4.040000000000e-01 2.983007273993e-03 3.041722093691e-03
4.045000000000e-01 3.013875257182e-03 3.070253859073e-03
4.050000000000e-01 3.043570260257e-03 3.102946075199e-03
4.055000000000e-01 3.072010027949e-03 3.133852945962e-03
4.060000000000e-01 3.099144960995e-03 3.163209630308e-03
4.065000000000e-01 3.124957599537e-03 3.193179590567e-03
4.070000000000e-01 3.149460813978e-03 3.224762601514e-03
4.075000000000e-01 3.172694746420e-03 3.253136042059e-03
4.080000000000e-01 3.194722602291e-03 3.280704354243e-03
4.085000000000e-01 3.215625444753e-03 3.303768790486e-03
4.090000000000e-01 3.235496190836e-03 3.332862609038e-03
4.095000000000e-01 3.254433047035e-03 3.350951454457e-03
4.100000000000e-01 3.272532650313e-03 3.375725566105e-03
4.105000000000e-01 3.289883198356e-03 3.396818159639e-03
4.110000000000e-01 3.306557858394e-03 3.415916791554e-03
4.115000000000e-01 3.322608737968e-03 3.433462675916e-03
4.120000000000e-01 3.338061682735e-03 3.447646020144e-03
4.125000000000e-01 3.352912137553e-03 3.466220783114e-03
4.130000000000e-01 3.367122267771e-03 3.473949829111e-03
4.135000000000e-01 3.380619489983e-03 3.486511973578e-03
4.140000000000e-01 3.393296506550e-03 3.496500408127e-03
4.145000000000e-01 3.405012879218e-03 3.507746360973e-03
4.150000000000e-01 3.415598115105e-03 3.509228560841e-03
4.155000000000e-01 3.424856176526e-03 3.514162009318e-03
4.160000000000e-01 3.432571266200e-03 3.516998352201e-03
4.165000000000e-01 3.438514684462e-03 3.512863512827e-03
4.170000000000e-01 3.442452507272e-03 3.509928216921e-03
4.175000000000e-01 3.444153796258e-03 3.507555905508e-03
4.180000000000e-01 3.443399026358e-03 3.498665267437e-03
4.185000000000e-01 3.439988405346e-03 3.493951843918e-03
4.190000000000e-01 3.433749761908e-03 3.478504927794e-03
4.195000000000e-01 3.424545697293e-03 3.465718334589e-03
4.200000000000e-01 3.412279726953e-03 3.450467694697e-03
4.205000000000e-01 3.396901183205e-03 3.429142736182e-03
4.210000000000e-01 3.378408704307e-03 3.408435943022e-03
4.215000000000e-01 3.356852197263e-03 3.387638345911e-03
4.220000000000e-01 3.332333227344e-03 3.365324322828e-03
4.225000000000e-01 3.305003853727e-03 3.337482667470e-03
4.230000000000e-01 3.275063993732e-03 3.309844971754e-03
4.235000000000e-01 3.242757455243e-03 3.280032870671e-03
4.240000000000e-01 3.208366824300e-03 3.244876840690e-03
4.245000000000e-01 3.172207431700e-03 3.214720150256e-03
4.250000000000e-01 3.134620645636e-03 3.184669630596e-03
4.255000000000e-01 3.095966747488e-03 3.150170183025e-03
4.260000000000e-01 3.056617644716e-03 3.122603267825e-03
4.265000000000e-01 3.016949658907e-03 3.084645819557e-03
4.270000000000e-01 2.977336601202e-03 3.052127062259e-03
4.275000000000e-01 2.938143313284e-03 3.018451136669e-03
4.280000000000e-01 2.899719813313e-03 2.987126567735e-03
4.285000000000e-01 2.862396145302e-03 2.961021363306e-03
4.290000000000e-01 2.826477990144e-03 2.928120298093e-03
4.295000000000e-01 2.792243059054e-03 2.902048155615e-03
4.300000000000e-01 2.759938257929e-03 2.871951069827e-03
4.305000000000e-01 2.729777584772e-03 2.846936676956e-03
4.310000000000e-01 2.701940703544e-03 2.822151156607e-03
4.315000000000e-01 2.676572126044e-03 2.800774044028e-03
4.320000000000e-01 2.653780928489e-03 2.778704958780e-03
4.325000000000e-01 2.633640930665e-03 2.762045227842e-03
4.330000000000e-01 2.616191271651e-03 2.744636015067e-03
4.335000000000e-01 2.601437326637e-03 2.727669413342e-03
4.340000000000e-01 2.589351922084e-03 2.711451594963e-03
4.345000000000e-01 2.579876820737e-03 2.701750706258e-03
4.350000000000e-01 2.572924460841e-03 2.688320103496e-03
4.355000000000e-01 2.568379945311e-03 2.677584748247e-03
4.360000000000e-01 2.566103284256e-03 2.669216349307e-03
4.365000000000e-01 2.565931898679e-03 2.663404430817e-03
4.370000000000e-01 2.567683393232e-03 2.654266526605e-03
4.375000000000e-01 2.571158602008e-03 2.649577084641e-03
4.380000000000e-01 2.576144902949e-03 2.645418263711e-03
4.385000000000e-01 2.582419784643e-03 2.641274111111e-03
4.390000000000e-01 2.589754634982e-03 2.640615898886e-03
4.395000000000e-01 2.597918705796e-03 2.640009840724e-03
4.400000000000e-01 2.606683192767e-03 2.639112977091e-03
4.405000000000e-01 2.615825356165e-03 2.638342540496e-03
4.410000000000e-01 2.625132596220e-03 2.639196796122e-03
4.415000000000e-01 2.634406386520e-03 2.642884367832e-03
4.420000000000e-01 2.643465961675e-03 2.643359808004e-03
4.425000000000e-01 2.652151652517e-03 2.646799647911e-03
4.430000000000e-01 2.660327764111e-03 2.651588741389e-03
4.435000000000e-01 2.667884900545e-03 2.654845576412e-03
4.440000000000e-01 2.674741654649e-03 2.663119911773e-03
4.445000000000e-01 2.680845599188e-03 2.665593737345e-03
4.450000000000e-01 2.686173538463e-03 2.673813357506e-03
4.455000000000e-01 2.690731002419e-03 2.682329603904e-03
4.460000000000e-01 2.694550990507e-03 2.688638615814e-03
4.465000000000e-01 2.697691997017e-03 2.696024236614e-03
4.470000000000e-01 2.700235373634e-03 2.705518138878e-03
4.475000000000e-01 2.702282107807e-03 2.716192492499e-03
4.480000000000e-01 2.703949115028e-03 2.724932954805e-03
4.485000000000e-01 2.705365159461e-03 2.736449456858e-03
4.490000000000e-01 2.706666529706e-03 2.747469796813e-03
4.495000000000e-01 2.707992604070e-03 2.759150677299e-03
