# energy_au reference prediction
# {"density_npz": "/home/ubuntu/datasets/new_mol_all/481/density_M481.npz", "density_preprocessing": "maximum absolute amplitude; integer centre-of-mass alignment", "energy_max_au": 0.4495, "energy_min_au": 0.0, "input_shape": [1, 155, 147, 143], "model": "/home/ubuntu/projects/densitySpec/density_spec_npz_runs_900/exp_003/cnn_model_torchscript.pt", "model_output_bins": 900, "normalization": "unit sum within selected leading bins", "reference": "/home/ubuntu/datasets/new_mol_all/481/tddft_spectrum_gamma_150meV_M481.dat", "reference_column": 1, "reference_sigma_bins": 10.0, "selected_bins": 900}
0.000000000000e+00 1.494961781072e-05 1.127144206314e-05
5.000000000000e-04 1.495364888390e-05 1.124962146518e-05
1.000000000000e-03 1.496167385651e-05 1.124957326196e-05
1.500000000000e-03 1.497361948788e-05 1.127476990442e-05
2.000000000000e-03 1.498937862964e-05 1.126696098252e-05
2.500000000000e-03 1.500881333145e-05 1.133956231016e-05
3.000000000000e-03 1.503175874493e-05 1.132845556032e-05
3.500000000000e-03 1.505802764216e-05 1.137475157140e-05
4.000000000000e-03 1.508741534465e-05 1.141538415870e-05
4.500000000000e-03 1.511970484974e-05 1.144729923885e-05
5.000000000000e-03 1.515467194393e-05 1.142248913166e-05
5.500000000000e-03 1.519209011041e-05 1.147292243434e-05
6.000000000000e-03 1.523173506159e-05 1.149858746660e-05
6.500000000000e-03 1.527338876103e-05 1.151408707607e-05
7.000000000000e-03 1.531684283755e-05 1.156158816769e-05
7.500000000000e-03 1.536190133092e-05 1.160677368569e-05
8.000000000000e-03 1.540838274927e-05 1.166547065764e-05
8.500000000000e-03 1.545612145049e-05 1.171387578704e-05
9.000000000000e-03 1.550496839088e-05 1.172474970623e-05
9.500000000000e-03 1.555479130649e-05 1.176328317965e-05
1.000000000000e-02 1.560547440852e-05 1.178954211198e-05
1.050000000000e-02 1.565691768346e-05 1.182633663144e-05
1.100000000000e-02 1.570903589108e-05 1.185656187036e-05
1.150000000000e-02 1.576175735102e-05 1.191787454920e-05
1.200000000000e-02 1.581502260038e-05 1.194107303170e-05
1.250000000000e-02 1.586878299651e-05 1.203786691960e-05
1.300000000000e-02 1.592299932437e-05 1.205385856573e-05
1.350000000000e-02 1.597764045760e-05 1.209606275995e-05
1.400000000000e-02 1.603268210771e-05 1.219045649121e-05
1.450000000000e-02 1.608810568525e-05 1.217775721606e-05
1.500000000000e-02 1.614389728616e-05 1.221775497602e-05
1.550000000000e-02 1.620004680777e-05 1.225409929559e-05
1.600000000000e-02 1.625654719275e-05 1.229906835384e-05
1.650000000000e-02 1.631339379323e-05 1.235025471818e-05
1.700000000000e-02 1.637058384568e-05 1.242618024911e-05
1.750000000000e-02 1.642811604370e-05 1.247112202252e-05
1.800000000000e-02 1.648599019594e-05 1.251553992695e-05
1.850000000000e-02 1.654420695610e-05 1.256680541733e-05
1.900000000000e-02 1.660276761310e-05 1.259313347125e-05
1.950000000000e-02 1.666167393011e-05 1.270925412252e-05
2.000000000000e-02 1.672092802290e-05 1.266726002158e-05
2.050000000000e-02 1.678053184706e-05 1.276756001173e-05
2.100000000000e-02 1.684048769656e-05 1.278578264847e-05
2.150000000000e-02 1.690079853041e-05 1.283622777459e-05
2.200000000000e-02 1.696146734026e-05 1.293230225214e-05
2.250000000000e-02 1.702249715110e-05 1.295968713896e-05
2.300000000000e-02 1.708389102154e-05 1.302332539587e-05
2.350000000000e-02 1.714565204436e-05 1.305584529003e-05
2.400000000000e-02 1.720778334694e-05 1.311347724363e-05
2.450000000000e-02 1.727028809169e-05 1.313124695199e-05
2.500000000000e-02 1.733316947657e-05 1.323451462349e-05
2.550000000000e-02 1.739643073566e-05 1.328702430269e-05
2.600000000000e-02 1.746007513946e-05 1.334669989099e-05
2.650000000000e-02 1.752410599548e-05 1.336314264651e-05
2.700000000000e-02 1.758852664862e-05 1.343694268822e-05
2.750000000000e-02 1.765334048200e-05 1.349589795669e-05
2.800000000000e-02 1.771855091711e-05 1.350118666864e-05
2.850000000000e-02 1.778416141450e-05 1.362655051501e-05
2.900000000000e-02 1.785017547443e-05 1.356757523766e-05
2.950000000000e-02 1.791659663719e-05 1.366591890461e-05
3.000000000000e-02 1.798342848396e-05 1.375515852914e-05
3.050000000000e-02 1.805067463714e-05 1.378610499739e-05
3.100000000000e-02 1.811833876135e-05 1.384771235253e-05
3.150000000000e-02 1.818642456350e-05 1.385855352991e-05
3.200000000000e-02 1.825493579388e-05 1.400283668599e-05
3.250000000000e-02 1.832387624673e-05 1.404767113902e-05
3.300000000000e-02 1.839324976088e-05 1.409166067143e-05
3.350000000000e-02 1.846306022030e-05 1.417380987492e-05
3.400000000000e-02 1.853331155503e-05 1.424218296148e-05
3.450000000000e-02 1.860400774171e-05 1.431874150076e-05
3.500000000000e-02 1.867515280427e-05 1.435108495294e-05
3.550000000000e-02 1.874675081494e-05 1.442765895363e-05
3.600000000000e-02 1.881880589454e-05 1.444332591013e-05
3.650000000000e-02 1.889132221358e-05 1.449719437447e-05
3.700000000000e-02 1.896430399288e-05 1.457028046281e-05
3.750000000000e-02 1.903775550425e-05 1.464318283321e-05
3.800000000000e-02 1.911168107135e-05 1.469840644473e-05
3.850000000000e-02 1.918608507055e-05 1.477786718175e-05
3.900000000000e-02 1.926097193150e-05 1.480006703901e-05
3.950000000000e-02 1.933634613816e-05 1.484673230497e-05
4.000000000000e-02 1.941221222940e-05 1.494998906253e-05
4.050000000000e-02 1.948857480019e-05 1.504600715141e-05
4.100000000000e-02 1.956543850209e-05 1.504632274609e-05
4.150000000000e-02 1.964280804436e-05 1.509585928695e-05
4.200000000000e-02 1.972068819483e-05 1.522784334558e-05
4.250000000000e-02 1.979908378086e-05 1.526433955077e-05
4.300000000000e-02 1.987799969030e-05 1.536240491233e-05
4.350000000000e-02 1.995744087236e-05 1.540630258576e-05
4.400000000000e-02 2.003741233865e-05 1.546820825518e-05
4.450000000000e-02 2.011791916444e-05 1.550175224042e-05
4.500000000000e-02 2.019896648927e-05 1.560713903469e-05
4.550000000000e-02 2.028055951851e-05 1.564332783065e-05
4.600000000000e-02 2.036270352392e-05 1.572054211565e-05
4.650000000000e-02 2.044540384519e-05 1.584834431743e-05
4.700000000000e-02 2.052866589081e-05 1.592721570185e-05
4.750000000000e-02 2.061249513927e-05 1.593673447387e-05
4.800000000000e-02 2.069689714029e-05 1.600151960366e-05
4.850000000000e-02 2.078187751574e-05 1.601991140642e-05
4.900000000000e-02 2.086744196105e-05 1.617417626735e-05
4.950000000000e-02 2.095359624639e-05 1.622112984314e-05
5.000000000000e-02 2.104034621768e-05 1.628096732150e-05
5.050000000000e-02 2.112769779811e-05 1.639353548629e-05
5.100000000000e-02 2.121565698926e-05 1.645492820067e-05
5.150000000000e-02 2.130422987234e-05 1.653897824818e-05
5.200000000000e-02 2.139342260972e-05 1.662289005248e-05
5.250000000000e-02 2.148324144614e-05 1.667551523751e-05
5.300000000000e-02 2.157369271007e-05 1.668295308555e-05
5.350000000000e-02 2.166478281529e-05 1.686334954953e-05
5.400000000000e-02 2.175651826231e-05 1.686940314657e-05
5.450000000000e-02 2.184890563978e-05 1.694813628779e-05
5.500000000000e-02 2.194195162609e-05 1.705388142298e-05
5.550000000000e-02 2.203566299118e-05 1.712440000765e-05
5.600000000000e-02 2.213004659788e-05 1.722220707269e-05
5.650000000000e-02 2.222510940354e-05 1.723610051444e-05
5.700000000000e-02 2.232085846215e-05 1.734598930770e-05
5.750000000000e-02 2.241730092559e-05 1.742209219011e-05
5.800000000000e-02 2.251444404577e-05 1.753683040936e-05
5.850000000000e-02 2.261229517617e-05 1.755881289738e-05
5.900000000000e-02 2.271086177398e-05 1.763571431618e-05
5.950000000000e-02 2.281015140179e-05 1.774864991684e-05
6.000000000000e-02 2.291017172961e-05 1.780756880551e-05
6.050000000000e-02 2.301093053677e-05 1.790239636577e-05
6.100000000000e-02 2.311243571402e-05 1.803876237009e-05
6.150000000000e-02 2.321469526555e-05 1.804546534637e-05
6.200000000000e-02 2.331771731101e-05 1.816420352351e-05
6.250000000000e-02 2.342151008785e-05 1.824436093351e-05
6.300000000000e-02 2.352608195338e-05 1.836234786799e-05
6.350000000000e-02 2.363144138702e-05 1.843930749445e-05
6.400000000000e-02 2.373759699259e-05 1.855654136728e-05
6.450000000000e-02 2.384455750080e-05 1.854490711048e-05
6.500000000000e-02 2.395233177156e-05 1.872246958884e-05
6.550000000000e-02 2.406092879645e-05 1.879268076429e-05
6.600000000000e-02 2.417035770123e-05 1.882802191115e-05
6.650000000000e-02 2.428062774866e-05 1.897072345587e-05
6.700000000000e-02 2.439174834094e-05 1.894078834579e-05
6.750000000000e-02 2.450372902265e-05 1.919312038726e-05
6.800000000000e-02 2.461657948321e-05 1.925444216105e-05
6.850000000000e-02 2.473030956034e-05 1.929413796876e-05
6.900000000000e-02 2.484492924245e-05 1.944192177013e-05
6.950000000000e-02 2.496044867207e-05 1.945374702082e-05
7.000000000000e-02 2.507687814878e-05 1.962164338902e-05
7.050000000000e-02 2.519422813255e-05 1.961594631392e-05
7.100000000000e-02 2.531250924683e-05 1.969755709652e-05
7.150000000000e-02 2.543173228190e-05 1.982914279645e-05
7.200000000000e-02 2.555190819876e-05 1.996708950264e-05
7.250000000000e-02 2.567304813209e-05 2.000411321478e-05
7.300000000000e-02 2.579516339423e-05 2.009993940027e-05
7.350000000000e-02 2.591826547877e-05 2.022235921215e-05
7.400000000000e-02 2.604236606460e-05 2.020048040652e-05
7.450000000000e-02 2.616747701952e-05 2.034400049652e-05
7.500000000000e-02 2.629361040454e-05 2.047395820085e-05
7.550000000000e-02 2.642077847793e-05 2.055669857593e-05
7.600000000000e-02 2.654899369951e-05 2.064318788835e-05
7.650000000000e-02 2.667826873510e-05 2.077987221583e-05
7.700000000000e-02 2.680861646091e-05 2.086006782460e-05
7.750000000000e-02 2.694004996821e-05 2.097029131192e-05
7.800000000000e-02 2.707258256827e-05 2.102302381733e-05
7.850000000000e-02 2.720622779709e-05 2.110333220345e-05
7.900000000000e-02 2.734099942046e-05 2.127513758006e-05
7.950000000000e-02 2.747691143925e-05 2.147296178239e-05
8.000000000000e-02 2.761397809466e-05 2.142679037208e-05
8.050000000000e-02 2.775221387388e-05 2.156689439981e-05
8.100000000000e-02 2.789163351545e-05 2.172377678662e-05
8.150000000000e-02 2.803225201553e-05 2.177804270017e-05
8.200000000000e-02 2.817408463350e-05 2.184713701607e-05
8.250000000000e-02 2.831714689836e-05 2.197202337770e-05
8.300000000000e-02 2.846145461498e-05 2.210272504873e-05
8.350000000000e-02 2.860702387089e-05 2.226069337227e-05
8.400000000000e-02 2.875387104296e-05 2.246036384893e-05
8.450000000000e-02 2.890201280440e-05 2.249015707784e-05
8.500000000000e-02 2.905146613176e-05 2.266031626896e-05
8.550000000000e-02 2.920224831288e-05 2.282962417300e-05
8.600000000000e-02 2.935437695412e-05 2.295061607813e-05
8.650000000000e-02 2.950786998871e-05 2.318166594253e-05
8.700000000000e-02 2.966274568468e-05 2.318053816905e-05
8.750000000000e-02 2.981902265355e-05 2.341349979141e-05
8.800000000000e-02 2.997671985894e-05 2.348777277039e-05
8.850000000000e-02 3.013585662583e-05 2.364776744823e-05
8.900000000000e-02 3.029645264996e-05 2.385064480336e-05
8.950000000000e-02 3.045852800743e-05 2.389269256448e-05
9.000000000000e-02 3.062210316475e-05 2.417916158177e-05
9.050000000000e-02 3.078719898938e-05 2.418977174749e-05
9.100000000000e-02 3.095383676036e-05 2.424190580535e-05
9.150000000000e-02 3.112203817955e-05 2.448906282172e-05
9.200000000000e-02 3.129182538314e-05 2.476809399097e-05
9.250000000000e-02 3.146322095355e-05 2.483669899869e-05
9.300000000000e-02 3.163624793183e-05 2.498770423045e-05
9.350000000000e-02 3.181092983060e-05 2.515078027649e-05
9.400000000000e-02 3.198729064713e-05 2.527817684362e-05
9.450000000000e-02 3.216535487736e-05 2.542970958233e-05
9.500000000000e-02 3.234514752997e-05 2.562060525367e-05
9.550000000000e-02 3.252669414146e-05 2.573117253001e-05
9.600000000000e-02 3.271002079138e-05 2.583810000838e-05
9.650000000000e-02 3.289515411838e-05 2.606546278108e-05
9.700000000000e-02 3.308212133694e-05 2.631894806189e-05
9.750000000000e-02 3.327095025453e-05 2.648922003036e-05
9.800000000000e-02 3.346166928964e-05 2.672601790156e-05
9.850000000000e-02 3.365430749046e-05 2.674058982639e-05
9.900000000000e-02 3.384889455447e-05 2.703958804331e-05
9.950000000000e-02 3.404546084844e-05 2.722099404647e-05
1.000000000000e-01 3.424403742987e-05 2.736823578897e-05
1.005000000000e-01 3.444465606873e-05 2.756444109065e-05
1.010000000000e-01 3.464734927052e-05 2.772278594501e-05
1.015000000000e-01 3.485215030016e-05 2.800260291773e-05
1.020000000000e-01 3.505909320695e-05 2.815906329898e-05
1.025000000000e-01 3.526821285067e-05 2.827786332176e-05
1.030000000000e-01 3.547954492868e-05 2.849709339244e-05
1.035000000000e-01 3.569312600442e-05 2.875824389497e-05
1.040000000000e-01 3.590899353712e-05 2.896016264265e-05
1.045000000000e-01 3.612718591283e-05 2.913310124971e-05
1.050000000000e-01 3.634774247691e-05 2.947341963196e-05
1.055000000000e-01 3.657070356805e-05 2.958114200873e-05
1.060000000000e-01 3.679611055399e-05 2.978539633891e-05
1.065000000000e-01 3.702400586868e-05 3.003417043694e-05
1.070000000000e-01 3.725443305154e-05 3.013536446042e-05
1.075000000000e-01 3.748743678839e-05 3.070307290021e-05
1.080000000000e-01 3.772306295457e-05 3.082262416565e-05
1.085000000000e-01 3.796135866024e-05 3.119084948470e-05
1.090000000000e-01 3.820237229762e-05 3.151795472727e-05
1.095000000000e-01 3.844615359119e-05 3.182282464227e-05
1.100000000000e-01 3.869275364986e-05 3.204347534375e-05
1.105000000000e-01 3.894222502243e-05 3.250853638745e-05
1.110000000000e-01 3.919462175573e-05 3.291848932547e-05
1.115000000000e-01 3.944999945577e-05 3.322349748367e-05
1.120000000000e-01 3.970841535241e-05 3.368661220862e-05
1.125000000000e-01 3.996992836737e-05 3.413330509642e-05
1.130000000000e-01 4.023459918626e-05 3.456425644915e-05
1.135000000000e-01 4.050249033448e-05 3.516519600799e-05
1.140000000000e-01 4.077366625768e-05 3.559029749051e-05
1.145000000000e-01 4.104819340613e-05 3.608713991864e-05
1.150000000000e-01 4.132614032495e-05 3.664611902785e-05
1.155000000000e-01 4.160757774985e-05 3.695758459876e-05
1.160000000000e-01 4.189257870736e-05 3.777789065248e-05
1.165000000000e-01 4.218121862221e-05 3.827166262635e-05
1.170000000000e-01 4.247357543012e-05 3.882555947892e-05
1.175000000000e-01 4.276972970064e-05 3.935097459400e-05
1.180000000000e-01 4.306976476316e-05 4.012040714959e-05
1.185000000000e-01 4.337376684522e-05 4.068312973918e-05
1.190000000000e-01 4.368182521750e-05 4.131481385843e-05
1.195000000000e-01 4.399403234899e-05 4.188302252033e-05
1.200000000000e-01 4.431048407214e-05 4.244856090565e-05
1.205000000000e-01 4.463127976032e-05 4.324699906770e-05
1.210000000000e-01 4.495652251616e-05 4.408434905298e-05
1.215000000000e-01 4.528631937315e-05 4.464076702498e-05
1.220000000000e-01 4.562078151290e-05 4.539667357470e-05
1.225000000000e-01 4.596002449667e-05 4.599998509583e-05
1.230000000000e-01 4.630416851317e-05 4.666935867738e-05
1.235000000000e-01 4.665333864735e-05 4.748770749842e-05
1.240000000000e-01 4.700766516548e-05 4.802257772089e-05
1.245000000000e-01 4.736728382548e-05 4.837841208351e-05
1.250000000000e-01 4.773233620955e-05 4.909302757173e-05
1.255000000000e-01 4.810297008331e-05 4.987903839756e-05
1.260000000000e-01 4.847933978407e-05 5.071629379538e-05
1.265000000000e-01 4.886160663816e-05 5.085963744340e-05
1.270000000000e-01 4.924993941714e-05 5.138062513806e-05
1.275000000000e-01 4.964451482806e-05 5.246451732126e-05
1.280000000000e-01 5.004551804756e-05 5.259167560076e-05
1.285000000000e-01 5.045314330191e-05 5.301454700216e-05
1.290000000000e-01 5.086759449867e-05 5.330202010165e-05
1.295000000000e-01 5.128908591195e-05 5.401860737449e-05
1.300000000000e-01 5.171784293518e-05 5.447811322428e-05
1.305000000000e-01 5.215410289850e-05 5.461211090428e-05
1.310000000000e-01 5.259811596667e-05 5.501399480491e-05
1.315000000000e-01 5.305014612163e-05 5.537777815161e-05
1.320000000000e-01 5.351047224072e-05 5.614285240837e-05
1.325000000000e-01 5.397938928249e-05 5.606179823656e-05
1.330000000000e-01 5.445720959285e-05 5.663409598684e-05
1.335000000000e-01 5.494426434330e-05 5.720962426246e-05
1.340000000000e-01 5.544090512200e-05 5.759756015166e-05
1.345000000000e-01 5.594750569359e-05 5.780948334154e-05
1.350000000000e-01 5.646446394839e-05 5.819680441229e-05
1.355000000000e-01 5.699220406668e-05 5.875413551702e-05
1.360000000000e-01 5.753117892579e-05 5.911834814525e-05
1.365000000000e-01 5.808187277690e-05 5.957733012606e-05
1.370000000000e-01 5.864480423302e-05 6.033600881577e-05
1.375000000000e-01 5.922052959906e-05 6.118390166415e-05
1.380000000000e-01 5.980964659587e-05 6.138638429856e-05
1.385000000000e-01 6.041279851929e-05 6.236369824938e-05
1.390000000000e-01 6.103067889058e-05 6.327305475274e-05
1.395000000000e-01 6.166403665011e-05 6.370035721254e-05
1.400000000000e-01 6.231368195471e-05 6.477696616181e-05
1.405000000000e-01 6.298049263478e-05 6.584648832801e-05
1.410000000000e-01 6.366542136211e-05 6.657347294478e-05
1.415000000000e-01 6.436950357912e-05 6.623457337434e-05
1.420000000000e-01 6.509386622768e-05 6.783422911438e-05
1.425000000000e-01 6.583973729890e-05 6.894074225091e-05
1.430000000000e-01 6.660845622302e-05 6.979798106731e-05
1.435000000000e-01 6.740148510508e-05 7.111687941706e-05
1.440000000000e-01 6.822042081686e-05 7.217153680112e-05
1.445000000000e-01 6.906700794620e-05 7.344099501645e-05
1.450000000000e-01 6.994315260362e-05 7.402645497470e-05
1.455000000000e-01 7.085093702058e-05 7.517559794899e-05
1.460000000000e-01 7.179263478812e-05 7.690570433951e-05
1.465000000000e-01 7.277072643368e-05 7.738011135123e-05
1.470000000000e-01 7.378791489502e-05 7.861576546582e-05
1.475000000000e-01 7.484714032729e-05 8.023274526178e-05
1.480000000000e-01 7.595159360620e-05 8.140782702625e-05
1.485000000000e-01 7.710472784903e-05 8.301143361146e-05
1.490000000000e-01 7.831026724069e-05 8.376936287749e-05
1.495000000000e-01 7.957221241121e-05 8.544609284033e-05
1.500000000000e-01 8.089484157783e-05 8.618070993701e-05
1.505000000000e-01 8.228270665382e-05 8.734501600772e-05
1.510000000000e-01 8.374062354516e-05 8.900371614670e-05
1.515000000000e-01 8.527365593925e-05 9.037558347049e-05
1.520000000000e-01 8.688709203705e-05 9.166350079119e-05
1.525000000000e-01 8.858641392337e-05 9.341333957973e-05
1.530000000000e-01 9.037725960084e-05 9.453822451015e-05
1.535000000000e-01 9.226537818776e-05 9.568472631170e-05
1.540000000000e-01 9.425657935485e-05 9.750701181377e-05
1.545000000000e-01 9.635667868963e-05 9.901664940177e-05
1.550000000000e-01 9.857144122689e-05 1.001301401820e-04
1.555000000000e-01 1.009065256576e-04 1.017935624177e-04
1.560000000000e-01 1.033674316589e-04 1.033389540632e-04
1.565000000000e-01 1.059594523526e-04 1.054684232349e-04
1.570000000000e-01 1.086876332952e-04 1.073183864811e-04
1.575000000000e-01 1.115567387746e-04 1.091916255168e-04
1.580000000000e-01 1.145712255265e-04 1.111081637785e-04
1.585000000000e-01 1.177352232071e-04 1.137312484910e-04
1.590000000000e-01 1.210525198535e-04 1.144987019860e-04
1.595000000000e-01 1.245265492027e-04 1.161957609754e-04
1.600000000000e-01 1.281603751291e-04 1.191668765856e-04
1.605000000000e-01 1.319566668865e-04 1.211599579251e-04
1.610000000000e-01 1.359176574358e-04 1.238593601607e-04
1.615000000000e-01 1.400450762051e-04 1.260097404357e-04
1.620000000000e-01 1.443400472716e-04 1.274211453151e-04
1.625000000000e-01 1.488029444153e-04 1.306418335597e-04
1.630000000000e-01 1.534331958779e-04 1.324944816343e-04
1.635000000000e-01 1.582290340277e-04 1.338995127746e-04
1.640000000000e-01 1.631871885348e-04 1.361599055340e-04
1.645000000000e-01 1.683025259835e-04 1.395111244647e-04
1.650000000000e-01 1.735676439179e-04 1.422033162260e-04
1.655000000000e-01 1.789724328739e-04 1.440159610837e-04
1.660000000000e-01 1.845036256109e-04 1.468012414513e-04
1.665000000000e-01 1.901443580663e-04 1.495061224833e-04
1.670000000000e-01 1.958737710626e-04 1.520242296742e-04
1.675000000000e-01 2.016666849560e-04 1.544451300665e-04
1.680000000000e-01 2.074933808476e-04 1.579951718247e-04
1.685000000000e-01 2.133195211982e-04 1.597554006812e-04
1.690000000000e-01 2.191062395742e-04 1.614823056502e-04
1.695000000000e-01 2.248104236155e-04 1.653284643459e-04
1.700000000000e-01 2.303852073463e-04 1.678118506654e-04
1.705000000000e-01 2.357806788894e-04 1.700344812029e-04
1.710000000000e-01 2.409447980879e-04 1.721802048648e-04
1.715000000000e-01 2.458245060650e-04 1.747481814716e-04
1.720000000000e-01 2.503669962766e-04 1.769186142867e-04
1.725000000000e-01 2.545211049243e-04 1.790373586963e-04
1.730000000000e-01 2.582387686535e-04 1.822085995305e-04
1.735000000000e-01 2.614764900082e-04 1.841711145706e-04
1.740000000000e-01 2.641967468666e-04 1.857888656181e-04
1.745000000000e-01 2.663692814535e-04 1.886184420178e-04
1.750000000000e-01 2.679722077392e-04 1.895426050957e-04
1.755000000000e-01 2.689928830169e-04 1.907628560072e-04
1.760000000000e-01 2.694284998013e-04 1.912870742272e-04
1.765000000000e-01 2.692863673364e-04 1.933363768940e-04
1.770000000000e-01 2.685838670759e-04 1.923989861246e-04
1.775000000000e-01 2.673480825373e-04 1.932678955776e-04
1.780000000000e-01 2.656151198752e-04 1.935201239366e-04
1.785000000000e-01 2.634291503660e-04 1.936901630745e-04
1.790000000000e-01 2.608412187788e-04 1.934511041993e-04
1.795000000000e-01 2.579078715980e-04 1.940663446535e-04
1.800000000000e-01 2.546896657083e-04 1.925389319002e-04
1.805000000000e-01 2.512496211751e-04 1.926644858310e-04
1.810000000000e-01 2.476516811560e-04 1.915205306147e-04
1.815000000000e-01 2.439592379864e-04 1.895318366779e-04
1.820000000000e-01 2.402337775751e-04 1.900321024442e-04
1.825000000000e-01 2.365336850386e-04 1.889844081519e-04
1.830000000000e-01 2.329132437755e-04 1.880341243850e-04
1.835000000000e-01 2.294218486459e-04 1.865462928430e-04
1.840000000000e-01 2.261034424294e-04 1.863234884580e-04
1.845000000000e-01 2.229961739047e-04 1.847090843512e-04
1.850000000000e-01 2.201322663568e-04 1.830016643976e-04
1.855000000000e-01 2.175380774524e-04 1.824205336343e-04
1.860000000000e-01 2.152343255547e-04 1.822636057728e-04
1.865000000000e-01 2.132364537063e-04 1.804272994997e-04
1.870000000000e-01 2.115551006771e-04 1.795934892680e-04
1.875000000000e-01 2.101966483949e-04 1.802842687179e-04
1.880000000000e-01 2.091638165397e-04 1.789280447037e-04
1.885000000000e-01 2.084562777284e-04 1.783243293669e-04
1.890000000000e-01 2.080712702676e-04 1.768853049511e-04
1.895000000000e-01 2.080041895679e-04 1.768329326056e-04
1.900000000000e-01 2.082491436823e-04 1.765554857762e-04
1.905000000000e-01 2.087994627495e-04 1.771899493114e-04
1.910000000000e-01 2.096481561386e-04 1.765998400160e-04
1.915000000000e-01 2.107883146609e-04 1.771153707421e-04
1.920000000000e-01 2.122134581796e-04 1.782923588076e-04
1.925000000000e-01 2.139178312994e-04 1.790407783966e-04
1.930000000000e-01 2.158966514803e-04 1.800309344132e-04
1.935000000000e-01 2.181463150646e-04 1.795281511654e-04
1.940000000000e-01 2.206645670826e-04 1.814716759552e-04
1.945000000000e-01 2.234506409531e-04 1.834010562826e-04
1.950000000000e-01 2.265053737570e-04 1.852713412794e-04
1.955000000000e-01 2.298313025093e-04 1.882384914925e-04
1.960000000000e-01 2.334327464904e-04 1.900496666068e-04
1.965000000000e-01 2.373158802449e-04 1.931366227438e-04
1.970000000000e-01 2.414888014281e-04 1.956510046442e-04
1.975000000000e-01 2.459615964860e-04 1.996644230618e-04
1.980000000000e-01 2.507464054494e-04 2.040594654751e-04
1.985000000000e-01 2.558574847121e-04 2.075507611486e-04
1.990000000000e-01 2.613112641193e-04 2.127990551532e-04
1.995000000000e-01 2.671263925487e-04 2.183766153600e-04
2.000000000000e-01 2.733237646632e-04 2.227858604432e-04
2.005000000000e-01 2.799265206975e-04 2.290398955665e-04
2.010000000000e-01 2.869600103241e-04 2.349555986441e-04
2.015000000000e-01 2.944517111760e-04 2.406874528156e-04
2.020000000000e-01 3.024310918547e-04 2.468229916874e-04
2.025000000000e-01 3.109294089227e-04 2.554008804756e-04
2.030000000000e-01 3.199794275773e-04 2.613577072676e-04
2.035000000000e-01 3.296150565321e-04 2.701168547209e-04
2.040000000000e-01 3.398708896981e-04 2.786195974151e-04
2.045000000000e-01 3.507816499583e-04 2.863906115680e-04
2.050000000000e-01 3.623815340287e-04 2.948323235268e-04
2.055000000000e-01 3.747034617460e-04 3.071456891381e-04
2.060000000000e-01 3.877782380073e-04 3.125959055284e-04
2.065000000000e-01 4.016336412083e-04 3.239300727157e-04
2.070000000000e-01 4.162934584883e-04 3.367675110278e-04
2.075000000000e-01 4.317764949960e-04 3.486785452670e-04
2.080000000000e-01 4.480955913003e-04 3.598663492838e-04
2.085000000000e-01 4.652566893312e-04 3.733514933746e-04
2.090000000000e-01 4.832579918971e-04 3.846864172615e-04
2.095000000000e-01 5.020892636086e-04 4.002394177119e-04
2.100000000000e-01 5.217313213659e-04 4.155260016852e-04
2.105000000000e-01 5.421557602319e-04 4.261175846019e-04
2.110000000000e-01 5.633249553494e-04 4.452824579013e-04
2.115000000000e-01 5.851923726418e-04 4.610319383208e-04
2.120000000000e-01 6.077032103935e-04 4.762645055821e-04
2.125000000000e-01 6.307953810756e-04 4.918109867741e-04
2.130000000000e-01 6.544008285120e-04 5.106567656607e-04
2.135000000000e-01 6.784471604556e-04 5.270244114696e-04
2.140000000000e-01 7.028595620631e-04 5.445417168457e-04
2.145000000000e-01 7.275629423616e-04 5.602116273888e-04
2.150000000000e-01 7.524842551021e-04 5.761841595759e-04
2.155000000000e-01 7.775549278249e-04 5.993335802917e-04
2.160000000000e-01 8.027133297184e-04 6.167441910201e-04
2.165000000000e-01 8.279072100128e-04 6.364837485840e-04
2.170000000000e-01 8.530960441197e-04 6.550640423161e-04
2.175000000000e-01 8.782532336551e-04 6.781577582977e-04
2.180000000000e-01 9.033681174834e-04 6.959227372832e-04
2.185000000000e-01 9.284477629672e-04 7.166015919175e-04
2.190000000000e-01 9.535185185211e-04 7.382794064776e-04
2.195000000000e-01 9.786273200294e-04 7.624912916804e-04
2.200000000000e-01 1.003842754318e-03 7.908276555232e-04
2.205000000000e-01 1.029255891469e-03 8.063540259674e-04
2.210000000000e-01 1.054980903081e-03 8.307613725052e-04
2.215000000000e-01 1.081155484522e-03 8.593570514902e-04
2.220000000000e-01 1.107941095535e-03 8.895274224034e-04
2.225000000000e-01 1.135523025930e-03 9.160775094602e-04
2.230000000000e-01 1.164110284029e-03 9.507379031420e-04
2.235000000000e-01 1.193935294673e-03 9.779023720900e-04
2.240000000000e-01 1.225253387158e-03 1.013935127861e-03
2.245000000000e-01 1.258342048908e-03 1.055212277723e-03
2.250000000000e-01 1.293499920173e-03 1.088495303457e-03
2.255000000000e-01 1.331045506963e-03 1.130340443702e-03
2.260000000000e-01 1.371315588295e-03 1.174286065702e-03
2.265000000000e-01 1.414663289234e-03 1.224597044983e-03
2.270000000000e-01 1.461455783782e-03 1.273842940431e-03
2.275000000000e-01 1.512071587542e-03 1.328285266856e-03
2.280000000000e-01 1.566897400868e-03 1.381855875309e-03
2.285000000000e-01 1.626324471330e-03 1.448581532190e-03
2.290000000000e-01 1.690744452835e-03 1.518473685982e-03
2.295000000000e-01 1.760544743641e-03 1.608066339994e-03
2.300000000000e-01 1.836103284060e-03 1.675916801771e-03
2.305000000000e-01 1.917782787012e-03 1.741825805130e-03
2.310000000000e-01 2.005924363417e-03 1.857256957510e-03
2.315000000000e-01 2.100840494603e-03 1.956376110608e-03
2.320000000000e-01 2.202807296303e-03 2.070161383087e-03
2.325000000000e-01 2.312056020888e-03 2.181213922166e-03
2.330000000000e-01 2.428763758421e-03 2.319951423124e-03
2.335000000000e-01 2.553043326309e-03 2.459677290212e-03
2.340000000000e-01 2.684932385261e-03 2.618622163727e-03
2.345000000000e-01 2.824381886677e-03 2.768518772323e-03
2.350000000000e-01 2.971244043043e-03 2.933018053946e-03
2.355000000000e-01 3.125260116381e-03 3.113921885037e-03
2.360000000000e-01 3.286048434407e-03 3.282881270690e-03
2.365000000000e-01 3.453093163268e-03 3.481287680619e-03
2.370000000000e-01 3.625734479403e-03 3.652019606049e-03
2.375000000000e-01 3.803160879233e-03 3.837251293357e-03
2.380000000000e-01 3.984404431481e-03 4.043703166573e-03
2.385000000000e-01 4.168339798551e-03 4.226711321125e-03
2.390000000000e-01 4.353687819689e-03 4.408131104948e-03
2.395000000000e-01 4.539024351177e-03 4.608540091341e-03
2.400000000000e-01 4.722794895982e-03 4.826351306559e-03
2.405000000000e-01 4.903335329863e-03 5.006578531767e-03
2.410000000000e-01 5.078898750484e-03 5.185890732499e-03
2.415000000000e-01 5.247688152681e-03 5.340554083097e-03
2.420000000000e-01 5.407894281773e-03 5.499763685067e-03
2.425000000000e-01 5.557737659877e-03 5.653742047878e-03
2.430000000000e-01 5.695513441841e-03 5.812452926585e-03
2.435000000000e-01 5.819637464985e-03 5.937629671696e-03
2.440000000000e-01 5.928691635982e-03 6.046520378143e-03
2.445000000000e-01 6.021466671471e-03 6.173646847160e-03
2.450000000000e-01 6.097000193041e-03 6.199355076776e-03
2.455000000000e-01 6.154608281487e-03 6.294881769280e-03
2.460000000000e-01 6.193908820167e-03 6.399101892785e-03
2.465000000000e-01 6.214835294854e-03 6.458131914439e-03
2.470000000000e-01 6.217640150002e-03 6.476136708999e-03
2.475000000000e-01 6.202887303941e-03 6.472480802052e-03
2.480000000000e-01 6.171433967027e-03 6.509394239776e-03
2.485000000000e-01 6.124402452110e-03 6.473936924970e-03
2.490000000000e-01 6.063143179595e-03 6.443681046998e-03
2.495000000000e-01 5.989190526272e-03 6.456163564080e-03
2.500000000000e-01 5.904213519080e-03 6.394757738422e-03
2.505000000000e-01 5.809963611237e-03 6.289991394200e-03
2.510000000000e-01 5.708221884700e-03 6.287468441221e-03
2.515000000000e-01 5.600747994872e-03 6.155889784417e-03
2.520000000000e-01 5.489233013341e-03 6.089508833320e-03
2.525000000000e-01 5.375258044969e-03 6.056397054533e-03
2.530000000000e-01 5.260260117270e-03 5.933456415033e-03
2.535000000000e-01 5.145506389817e-03 5.851619699389e-03
2.540000000000e-01 5.032077241190e-03 5.756398015042e-03
2.545000000000e-01 4.920858292656e-03 5.655965114973e-03
2.550000000000e-01 4.812540953508e-03 5.552992032457e-03
2.555000000000e-01 4.707630650643e-03 5.449231051003e-03
2.560000000000e-01 4.606461558245e-03 5.340003205767e-03
2.565000000000e-01 4.509216389616e-03 5.253336185351e-03
2.570000000000e-01 4.415949662920e-03 5.116858771563e-03
2.575000000000e-01 4.326612809320e-03 4.999291397923e-03
2.580000000000e-01 4.241079552335e-03 4.908344484404e-03
2.585000000000e-01 4.159170140353e-03 4.791349408514e-03
2.590000000000e-01 4.080673243487e-03 4.685995865380e-03
2.595000000000e-01 4.005364610522e-03 4.581231383803e-03
2.600000000000e-01 3.933021897738e-03 4.466736909148e-03
2.605000000000e-01 3.863435405606e-03 4.365476528931e-03
2.610000000000e-01 3.796414769728e-03 4.255206999344e-03
2.615000000000e-01 3.731791929678e-03 4.157584830943e-03
2.620000000000e-01 3.669420927153e-03 4.048504134682e-03
2.625000000000e-01 3.609175251153e-03 3.936733313031e-03
2.630000000000e-01 3.550943544684e-03 3.838670861862e-03
2.635000000000e-01 3.494624512123e-03 3.753173815488e-03
2.640000000000e-01 3.440121824286e-03 3.675916645998e-03
2.645000000000e-01 3.387339714337e-03 3.571516078735e-03
2.650000000000e-01 3.336179810004e-03 3.500458723930e-03
2.655000000000e-01 3.286539570207e-03 3.415940031969e-03
2.660000000000e-01 3.238312505411e-03 3.330678843049e-03
2.665000000000e-01 3.191390179496e-03 3.256182812298e-03
2.670000000000e-01 3.145665827415e-03 3.179974079249e-03
2.675000000000e-01 3.101039286031e-03 3.110273894333e-03
2.680000000000e-01 3.057422828671e-03 3.053668803952e-03
2.685000000000e-01 3.014747423620e-03 2.983670130136e-03
2.690000000000e-01 2.972968905422e-03 2.941140118519e-03
2.695000000000e-01 2.932073561277e-03 2.880751995654e-03
2.700000000000e-01 2.892082690048e-03 2.833669679068e-03
2.705000000000e-01 2.853055781123e-03 2.789322191357e-03
2.710000000000e-01 2.815092073522e-03 2.755099810346e-03
2.715000000000e-01 2.778330379740e-03 2.714953053314e-03
2.720000000000e-01 2.742947179709e-03 2.688254362092e-03
2.725000000000e-01 2.709153101277e-03 2.645767889807e-03
2.730000000000e-01 2.677187993163e-03 2.626974032157e-03
2.735000000000e-01 2.647314863286e-03 2.588658721058e-03
2.740000000000e-01 2.619812997794e-03 2.578896830181e-03
2.745000000000e-01 2.594970593258e-03 2.552083120615e-03
2.750000000000e-01 2.573077229673e-03 2.536704655845e-03
2.755000000000e-01 2.554416487306e-03 2.529454309244e-03
2.760000000000e-01 2.539258971484e-03 2.511092818120e-03
2.765000000000e-01 2.527855961331e-03 2.518817906426e-03
2.770000000000e-01 2.520433846115e-03 2.509295365463e-03
2.775000000000e-01 2.517189460957e-03 2.505147254511e-03
2.780000000000e-01 2.518286385455e-03 2.516715911272e-03
2.785000000000e-01 2.523852227455e-03 2.528260353645e-03
2.790000000000e-01 2.533976882604e-03 2.525633558194e-03
2.795000000000e-01 2.548711739380e-03 2.546720564966e-03
2.800000000000e-01 2.568069788738e-03 2.567172409712e-03
2.805000000000e-01 2.592026591539e-03 2.590217755125e-03
2.810000000000e-01 2.620522053129e-03 2.605989238041e-03
2.815000000000e-01 2.653462947993e-03 2.638082848374e-03
2.820000000000e-01 2.690726124218e-03 2.677121564317e-03
2.825000000000e-01 2.732162303136e-03 2.708756963920e-03
2.830000000000e-01 2.777600367525e-03 2.736008395118e-03
2.835000000000e-01 2.826852013273e-03 2.779246444757e-03
2.840000000000e-01 2.879716616090e-03 2.830815873729e-03
2.845000000000e-01 2.935986144452e-03 2.880494950611e-03
2.850000000000e-01 2.995449924833e-03 2.947328757332e-03
2.855000000000e-01 3.057899041782e-03 2.994902579431e-03
2.860000000000e-01 3.123130134403e-03 3.055532613347e-03
2.865000000000e-01 3.190948338664e-03 3.114983825655e-03
2.870000000000e-01 3.261169125608e-03 3.186636994107e-03
2.875000000000e-01 3.333618803192e-03 3.259344419764e-03
2.880000000000e-01 3.408133486533e-03 3.329264163988e-03
2.885000000000e-01 3.484556399157e-03 3.410281548558e-03
2.890000000000e-01 3.562733446151e-03 3.477287417133e-03
2.895000000000e-01 3.642507096515e-03 3.566503467561e-03
2.900000000000e-01 3.723708721985e-03 3.652092482044e-03
2.905000000000e-01 3.806149656215e-03 3.743013085698e-03
2.910000000000e-01 3.889611353693e-03 3.836915085891e-03
2.915000000000e-01 3.973835133800e-03 3.911350115010e-03
2.920000000000e-01 4.058512084900e-03 4.005188319604e-03
2.925000000000e-01 4.143273768471e-03 4.108740684790e-03
2.930000000000e-01 4.227684397605e-03 4.184332416603e-03
2.935000000000e-01 4.311235160741e-03 4.282102199639e-03
2.940000000000e-01 4.393341315846e-03 4.375894769425e-03
2.945000000000e-01 4.473342590777e-03 4.445903687790e-03
2.950000000000e-01 4.550507293848e-03 4.542755652383e-03
2.955000000000e-01 4.624040369868e-03 4.627933487929e-03
2.960000000000e-01 4.693095439924e-03 4.694087661968e-03
2.965000000000e-01 4.756790648534e-03 4.774755567724e-03
2.970000000000e-01 4.814227922341e-03 4.836878977461e-03
2.975000000000e-01 4.864515033981e-03 4.910986181017e-03
2.980000000000e-01 4.906789676938e-03 4.945091681040e-03
2.985000000000e-01 4.940244605182e-03 5.002788980024e-03
2.990000000000e-01 4.964152787115e-03 5.005455356686e-03
2.995000000000e-01 4.977891474989e-03 5.030722139380e-03
3.000000000000e-01 4.980964103406e-03 5.038329182544e-03
3.005000000000e-01 4.973019004741e-03 5.041427692902e-03
3.010000000000e-01 4.953864060895e-03 5.041240497055e-03
3.015000000000e-01 4.923476593223e-03 4.996816408059e-03
3.020000000000e-01 4.882008014504e-03 4.980857729296e-03
3.025000000000e-01 4.829783015348e-03 4.923974871944e-03
3.030000000000e-01 4.767293317105e-03 4.863964633232e-03
3.035000000000e-01 4.695186278252e-03 4.791126822408e-03
3.040000000000e-01 4.614248875264e-03 4.715493181077e-03
3.045000000000e-01 4.525387778002e-03 4.627749086050e-03
3.050000000000e-01 4.429606392360e-03 4.536474812631e-03
3.055000000000e-01 4.327979842023e-03 4.434535498223e-03
3.060000000000e-01 4.221628903566e-03 4.330298145249e-03
3.065000000000e-01 4.111693896420e-03 4.217210433413e-03
3.070000000000e-01 3.999309465590e-03 4.101081953221e-03
3.075000000000e-01 3.885581088117e-03 3.964671594661e-03
3.080000000000e-01 3.771563993448e-03 3.851980160600e-03
3.085000000000e-01 3.658245024533e-03 3.738061941817e-03
3.090000000000e-01 3.546527792715e-03 3.615022116459e-03
3.095000000000e-01 3.437221306888e-03 3.494584406502e-03
3.100000000000e-01 3.331032096484e-03 3.381133478844e-03
3.105000000000e-01 3.228559705210e-03 3.261689257292e-03
3.110000000000e-01 3.130295314003e-03 3.162879186889e-03
3.115000000000e-01 3.036623159400e-03 3.053913741802e-03
3.120000000000e-01 2.947824350008e-03 2.960716287171e-03
3.125000000000e-01 2.864082649324e-03 2.868208709771e-03
3.130000000000e-01 2.785491785615e-03 2.780432716945e-03
3.135000000000e-01 2.712063865386e-03 2.696755009310e-03
3.140000000000e-01 2.643738499645e-03 2.628485801600e-03
3.145000000000e-01 2.580392296384e-03 2.541957082593e-03
3.150000000000e-01 2.521848423253e-03 2.486558287837e-03
3.155000000000e-01 2.467885996870e-03 2.419164057729e-03
3.160000000000e-01 2.418249106273e-03 2.362644416199e-03
3.165000000000e-01 2.372655324471e-03 2.308241205324e-03
3.170000000000e-01 2.330803602017e-03 2.262667398553e-03
3.175000000000e-01 2.292381469608e-03 2.214155036083e-03
3.180000000000e-01 2.257071503068e-03 2.180412984713e-03
3.185000000000e-01 2.224557025090e-03 2.134333236928e-03
3.190000000000e-01 2.194527033805e-03 2.098252634457e-03
3.195000000000e-01 2.166680359803e-03 2.065442837030e-03
3.200000000000e-01 2.140729060616e-03 2.036340634955e-03
3.205000000000e-01 2.116401066432e-03 2.003865880840e-03
3.210000000000e-01 2.093442097026e-03 1.976150650977e-03
3.215000000000e-01 2.071616878479e-03 1.949569189990e-03
3.220000000000e-01 2.050709701966e-03 1.921166527618e-03
3.225000000000e-01 2.030524386811e-03 1.899799309152e-03
3.230000000000e-01 2.010883727815e-03 1.875375373430e-03
3.235000000000e-01 1.991628525834e-03 1.854007223641e-03
3.240000000000e-01 1.972616308913e-03 1.832476441640e-03
3.245000000000e-01 1.953719857994e-03 1.817223239762e-03
3.250000000000e-01 1.934825650191e-03 1.800186904311e-03
3.255000000000e-01 1.915832332545e-03 1.776537363348e-03
3.260000000000e-01 1.896649334466e-03 1.758738740333e-03
3.265000000000e-01 1.877195717963e-03 1.742303457219e-03
3.270000000000e-01 1.857399348045e-03 1.722241720236e-03
3.275000000000e-01 1.837196441257e-03 1.706941486566e-03
3.280000000000e-01 1.816531518925e-03 1.691450331758e-03
3.285000000000e-01 1.795357756234e-03 1.676665235912e-03
3.290000000000e-01 1.773637681525e-03 1.658182556432e-03
3.295000000000e-01 1.751344145223e-03 1.639275426668e-03
3.300000000000e-01 1.728461447850e-03 1.622457253541e-03
3.305000000000e-01 1.704986493725e-03 1.606769473245e-03
3.310000000000e-01 1.680929824030e-03 1.585371870379e-03
3.315000000000e-01 1.656316380839e-03 1.568967902988e-03
3.320000000000e-01 1.631185864251e-03 1.550118515226e-03
3.325000000000e-01 1.605592567033e-03 1.525497604770e-03
3.330000000000e-01 1.579604604326e-03 1.508840550457e-03
3.335000000000e-01 1.553302497065e-03 1.484236287392e-03
3.340000000000e-01 1.526777113739e-03 1.466458386306e-03
3.345000000000e-01 1.500127022631e-03 1.442673803563e-03
3.350000000000e-01 1.473455351857e-03 1.420670957408e-03
3.355000000000e-01 1.446866294016e-03 1.398988253404e-03
3.360000000000e-01 1.420461423370e-03 1.378573428733e-03
3.365000000000e-01 1.394336012969e-03 1.353797802306e-03
3.370000000000e-01 1.368575546226e-03 1.331116604038e-03
3.375000000000e-01 1.343252611267e-03 1.311704930244e-03
3.380000000000e-01 1.318424347491e-03 1.289411977093e-03
3.385000000000e-01 1.294130583571e-03 1.266863957959e-03
3.390000000000e-01 1.270392767053e-03 1.247002571755e-03
3.395000000000e-01 1.247213740202e-03 1.221970133116e-03
3.400000000000e-01 1.224578368656e-03 1.200742962289e-03
3.405000000000e-01 1.202454981939e-03 1.180334889707e-03
3.410000000000e-01 1.180797541009e-03 1.157530407606e-03
3.415000000000e-01 1.159548410869e-03 1.138211051167e-03
3.420000000000e-01 1.138641587292e-03 1.118411714333e-03
3.425000000000e-01 1.118006207488e-03 1.096995834260e-03
3.430000000000e-01 1.097570165885e-03 1.079988020565e-03
3.435000000000e-01 1.077263657870e-03 1.057899492729e-03
3.440000000000e-01 1.057022486473e-03 1.035776389541e-03
3.445000000000e-01 1.036790988091e-03 1.018377187514e-03
3.450000000000e-01 1.016524462043e-03 9.947492998024e-04
3.455000000000e-01 9.961910220246e-04 9.764862378379e-04
3.460000000000e-01 9.757728226084e-04 9.548407285312e-04
3.465000000000e-01 9.552666481934e-04 9.342677536373e-04
3.470000000000e-01 9.346838830234e-04 9.153463629954e-04
3.475000000000e-01 9.140499083911e-04 8.955668749742e-04
3.480000000000e-01 8.934029957956e-04 8.746218949010e-04
3.485000000000e-01 8.727927823343e-04 8.560420668303e-04
3.490000000000e-01 8.522784259176e-04 8.351239204901e-04
3.495000000000e-01 8.319265430271e-04 8.160983381301e-04
3.500000000000e-01 8.118090308629e-04 7.990601982422e-04
3.505000000000e-01 7.920008693665e-04 7.795236108019e-04
3.510000000000e-01 7.725779886376e-04 7.585517387881e-04
3.515000000000e-01 7.536152741157e-04 7.422918935726e-04
3.520000000000e-01 7.351847678474e-04 7.245407680111e-04
3.525000000000e-01 7.173541091153e-04 7.081330753295e-04
3.530000000000e-01 7.001852426819e-04 6.918431367519e-04
3.535000000000e-01 6.837334088028e-04 6.767969795338e-04
3.540000000000e-01 6.680464156543e-04 6.631965260611e-04
3.545000000000e-01 6.531641834462e-04 6.479790054809e-04
3.550000000000e-01 6.391185403006e-04 6.351542855433e-04
3.555000000000e-01 6.259332433718e-04 6.221311356799e-04
3.560000000000e-01 6.136241947376e-04 6.108984535544e-04
3.565000000000e-01 6.021998199515e-04 6.011296941729e-04
3.570000000000e-01 5.916615772730e-04 5.907276936172e-04
3.575000000000e-01 5.820045671103e-04 5.829368306510e-04
3.580000000000e-01 5.732182133121e-04 5.738499740507e-04
3.585000000000e-01 5.652869905923e-04 5.662039317519e-04
3.590000000000e-01 5.581911749460e-04 5.593261724074e-04
3.595000000000e-01 5.519075966806e-04 5.543158313322e-04
3.600000000000e-01 5.464103781618e-04 5.494959457330e-04
3.605000000000e-01 5.416716409244e-04 5.447739072165e-04
3.610000000000e-01 5.376621691562e-04 5.419551428903e-04
3.615000000000e-01 5.343520190377e-04 5.388691471797e-04
3.620000000000e-01 5.317110655301e-04 5.370048139165e-04
3.625000000000e-01 5.297094804471e-04 5.355144066854e-04
3.630000000000e-01 5.283181376001e-04 5.341308687251e-04
3.635000000000e-01 5.275089427066e-04 5.350055552887e-04
3.640000000000e-01 5.272550881932e-04 5.353286660303e-04
3.645000000000e-01 5.275312351980e-04 5.368309476248e-04
3.650000000000e-01 5.283136277997e-04 5.387953398620e-04
3.655000000000e-01 5.295801466387e-04 5.417377372661e-04
3.660000000000e-01 5.313103107345e-04 5.444604007394e-04
3.665000000000e-01 5.334852371487e-04 5.459097133598e-04
3.670000000000e-01 5.360875685552e-04 5.507896110605e-04
3.675000000000e-01 5.391013789465e-04 5.547218879948e-04
3.680000000000e-01 5.425120676815e-04 5.584765733469e-04
3.685000000000e-01 5.463062520570e-04 5.629010542861e-04
3.690000000000e-01 5.504716679425e-04 5.671550449781e-04
3.695000000000e-01 5.549970867734e-04 5.724701031731e-04
3.700000000000e-01 5.598722550004e-04 5.777735780431e-04
3.705000000000e-01 5.650878590420e-04 5.824297254841e-04
3.710000000000e-01 5.706355153076e-04 5.884212149399e-04
3.715000000000e-01 5.765077811389e-04 5.948170148284e-04
3.720000000000e-01 5.826981795098e-04 6.002564045932e-04
3.725000000000e-01 5.892012277818e-04 6.064530178562e-04
3.730000000000e-01 5.960124590922e-04 6.122000351242e-04
3.735000000000e-01 6.031284238670e-04 6.198108617863e-04
3.740000000000e-01 6.105466583012e-04 6.253843038009e-04
3.745000000000e-01 6.182656066126e-04 6.319894766559e-04
3.750000000000e-01 6.262844843485e-04 6.391850498447e-04
3.755000000000e-01 6.346030710414e-04 6.471491388184e-04
3.760000000000e-01 6.432214225763e-04 6.532086148255e-04
3.765000000000e-01 6.521394961202e-04 6.627611909437e-04
3.770000000000e-01 6.613566842431e-04 6.686202579644e-04
3.775000000000e-01 6.708712594635e-04 6.757781125870e-04
3.780000000000e-01 6.806797359147e-04 6.853912828832e-04
3.785000000000e-01 6.907761611907e-04 6.950478760966e-04
3.790000000000e-01 7.011513582986e-04 7.028936870974e-04
3.795000000000e-01 7.117921448863e-04 7.125390462317e-04
3.800000000000e-01 7.226805640300e-04 7.212295668493e-04
3.805000000000e-01 7.337931673419e-04 7.299755011628e-04
3.810000000000e-01 7.451003963663e-04 7.400353570709e-04
3.815000000000e-01 7.565661113950e-04 7.494794923114e-04
3.820000000000e-01 7.681473178385e-04 7.591558179228e-04
3.825000000000e-01 7.797941381812e-04 7.690776634600e-04
3.830000000000e-01 7.914500726692e-04 7.808586035707e-04
3.835000000000e-01 8.030525830674e-04 7.897201965122e-04
3.840000000000e-01 8.145340214904e-04 7.999454203930e-04
3.845000000000e-01 8.258229099931e-04 8.112041795519e-04
3.850000000000e-01 8.368455573354e-04 8.205321322955e-04
3.855000000000e-01 8.475279779468e-04 8.317588772394e-04
3.860000000000e-01 8.577980561750e-04 8.418600605887e-04
3.865000000000e-01 8.675878780255e-04 8.496496429863e-04
3.870000000000e-01 8.768361341846e-04 8.602724834184e-04
3.875000000000e-01 8.854904839613e-04 8.706445652350e-04
3.880000000000e-01 8.935097610842e-04 8.796310718229e-04
3.885000000000e-01 9.008659005000e-04 8.897099034293e-04
3.890000000000e-01 9.075454707613e-04 8.952949287690e-04
3.895000000000e-01 9.135507100901e-04 9.022648890529e-04
3.900000000000e-01 9.188999849257e-04 9.114179277669e-04
3.905000000000e-01 9.236276167870e-04 9.189881254798e-04
3.910000000000e-01 9.277830551687e-04 9.254469642681e-04
3.915000000000e-01 9.314294089428e-04 9.303230202629e-04
3.920000000000e-01 9.346413840782e-04 9.364595050092e-04
3.925000000000e-01 9.375027096730e-04 9.422216562697e-04
3.930000000000e-01 9.401031643890e-04 9.465475334265e-04
3.935000000000e-01 9.425353399227e-04 9.505843513249e-04
3.940000000000e-01 9.448912939554e-04 9.537828624496e-04
3.945000000000e-01 9.472592519593e-04 9.568125713494e-04
3.950000000000e-01 9.497205134468e-04 9.615772760834e-04
3.955000000000e-01 9.523467045453e-04 9.665778382710e-04
3.960000000000e-01 9.551974958060e-04 9.665234723130e-04
3.965000000000e-01 9.583188737553e-04 9.706119204092e-04
3.970000000000e-01 9.617420192871e-04 9.739026906810e-04
3.975000000000e-01 9.654828084154e-04 9.749724893336e-04
3.980000000000e-01 9.695419140319e-04 9.760144065153e-04
3.985000000000e-01 9.739054536442e-04 9.794190309774e-04
3.990000000000e-01 9.785460999172e-04 9.817537403716e-04
3.995000000000e-01 9.834245498528e-04 9.829546808907e-04
4.000000000000e-01 9.884912359986e-04 9.849797255136e-04
4.005000000000e-01 9.936881598840e-04 9.856203590612e-04
4.010000000000e-01 9.989507339106e-04 9.879898766383e-04
4.015000000000e-01 1.004209532097e-03 9.894007139930e-04
4.020000000000e-01 1.009391871201e-03 9.912130678124e-04
4.025000000000e-01 1.014423169479e-03 9.928450942895e-04
4.030000000000e-01 1.019228058341e-03 9.936882905070e-04
4.035000000000e-01 1.023731249859e-03 9.941527876640e-04
4.040000000000e-01 1.027858188053e-03 9.959218349815e-04
4.045000000000e-01 1.031535531912e-03 9.933355520645e-04
4.050000000000e-01 1.034691531931e-03 9.943936509767e-04
4.055000000000e-01 1.037256368502e-03 9.935942269223e-04
4.060000000000e-01 1.039162519478e-03 9.911405410634e-04
4.065000000000e-01 1.040345216246e-03 9.887726533008e-04
4.070000000000e-01 1.040743033194e-03 9.867421371575e-04
4.075000000000e-01 1.040298636348e-03 9.837700538449e-04
4.080000000000e-01 1.038959695175e-03 9.798082074174e-04
4.085000000000e-01 1.036679938879e-03 9.745700997539e-04
4.090000000000e-01 1.033420317586e-03 9.711428325106e-04
4.095000000000e-01 1.029150211118e-03 9.627749569733e-04
4.100000000000e-01 1.023848615626e-03 9.573707828450e-04
4.105000000000e-01 1.017505232103e-03 9.499246838713e-04
4.110000000000e-01 1.010121381138e-03 9.417903956888e-04
4.115000000000e-01 1.001710674776e-03 9.333222865545e-04
4.120000000000e-01 9.922993881565e-04 9.242647666167e-04
4.125000000000e-01 9.819264893707e-04 9.136515886568e-04
4.130000000000e-01 9.706433048744e-04 9.053079857153e-04
4.135000000000e-01 9.585128179749e-04 8.943517899928e-04
4.140000000000e-01 9.456086188534e-04 8.843276153826e-04
4.145000000000e-01 9.320135439597e-04 8.740597252842e-04
4.150000000000e-01 9.178180593639e-04 8.619252318238e-04
4.155000000000e-01 9.031184556100e-04 8.520631073496e-04
4.160000000000e-01 8.880149296995e-04 8.397300675480e-04
4.165000000000e-01 8.726096328435e-04 8.274948748292e-04
4.170000000000e-01 8.570047608426e-04 8.158639940758e-04
4.175000000000e-01 8.413007576071e-04 8.048486011591e-04
4.180000000000e-01 8.255946923696e-04 7.931651588853e-04
4.185000000000e-01 8.099788584626e-04 7.807065069452e-04
4.190000000000e-01 7.945396270960e-04 7.700114308024e-04
4.195000000000e-01 7.793565745619e-04 7.574851997647e-04
4.200000000000e-01 7.645018865532e-04 7.456173556120e-04
4.205000000000e-01 7.500400298480e-04 7.345876436101e-04
4.210000000000e-01 7.360276702668e-04 7.254977020036e-04
4.215000000000e-01 7.225138071351e-04 7.129353240067e-04
4.220000000000e-01 7.095400884738e-04 7.029667959231e-04
4.225000000000e-01 6.971412677915e-04 6.930162540077e-04
4.230000000000e-01 6.853457624450e-04 6.831584369006e-04
4.235000000000e-01 6.741762745374e-04 6.736339750840e-04
4.240000000000e-01 6.636504387679e-04 6.645609137001e-04
4.245000000000e-01 6.537814664953e-04 6.548569976560e-04
4.250000000000e-01 6.445787616034e-04 6.481446062843e-04
4.255000000000e-01 6.360484901905e-04 6.400760927618e-04
4.260000000000e-01 6.281940918587e-04 6.340628336398e-04
4.265000000000e-01 6.210167251739e-04 6.265622522928e-04
4.270000000000e-01 6.145156428803e-04 6.209989384117e-04
4.275000000000e-01 6.086884947874e-04 6.150420243082e-04
4.280000000000e-01 6.035315570824e-04 6.107167292281e-04
4.285000000000e-01 5.990398872296e-04 6.064907364223e-04
4.290000000000e-01 5.952074032555e-04 6.027178902791e-04
4.295000000000e-01 5.920268860498e-04 6.001189180914e-04
4.300000000000e-01 5.894899032163e-04 5.965777384500e-04
4.305000000000e-01 5.875866539803e-04 5.954362279557e-04
4.310000000000e-01 5.863057365883e-04 5.937036768433e-04
4.315000000000e-01 5.856338428318e-04 5.929742766084e-04
4.320000000000e-01 5.855553884179e-04 5.927093735306e-04
4.325000000000e-01 5.860520929412e-04 5.935991940868e-04
4.330000000000e-01 5.871025281865e-04 5.941909331968e-04
4.335000000000e-01 5.886816587838e-04 5.955716771893e-04
4.340000000000e-01 5.907604038700e-04 5.965229650384e-04
4.345000000000e-01 5.933052525179e-04 5.990419016885e-04
4.350000000000e-01 5.962779681629e-04 6.011490773250e-04
4.355000000000e-01 5.996354180921e-04 6.032359966945e-04
4.360000000000e-01 6.033295622502e-04 6.066501090058e-04
4.365000000000e-01 6.073076312580e-04 6.094099671762e-04
4.370000000000e-01 6.115125161896e-04 6.134755396606e-04
4.375000000000e-01 6.158833828454e-04 6.165610115022e-04
4.380000000000e-01 6.203565116520e-04 6.199002687579e-04
4.385000000000e-01 6.248663510087e-04 6.234456975587e-04
4.390000000000e-01 6.293467591346e-04 6.273715134423e-04
4.395000000000e-01 6.337323966485e-04 6.312846982629e-04
4.400000000000e-01 6.379602215935e-04 6.350552743072e-04
4.405000000000e-01 6.419710299690e-04 6.384720641711e-04
4.410000000000e-01 6.457109790523e-04 6.413812832068e-04
4.415000000000e-01 6.491330282428e-04 6.449080273475e-04
4.420000000000e-01 6.521982332422e-04 6.471957049494e-04
4.425000000000e-01 6.548768337870e-04 6.486808734907e-04
4.430000000000e-01 6.571490834650e-04 6.534619927859e-04
4.435000000000e-01 6.590057810444e-04 6.543834201035e-04
4.440000000000e-01 6.604484762540e-04 6.563767997573e-04
4.445000000000e-01 6.614893377132e-04 6.581680824025e-04
4.450000000000e-01 6.621506859368e-04 6.583955579525e-04
4.455000000000e-01 6.624642094313e-04 6.596543568894e-04
4.460000000000e-01 6.624698956327e-04 6.596618074704e-04
4.465000000000e-01 6.622147207192e-04 6.591798480143e-04
4.470000000000e-01 6.617511519577e-04 6.585189581997e-04
4.475000000000e-01 6.611355233948e-04 6.588339198685e-04
4.480000000000e-01 6.604263495388e-04 6.584702383852e-04
4.485000000000e-01 6.596826424252e-04 6.580402001652e-04
4.490000000000e-01 6.589622949528e-04 6.565012477425e-04
4.495000000000e-01 6.583205879033e-04 6.547442494113e-04
